1509060314, 1, 1509061751, 0, 1509070313, 1, 1509071749, 0, 1509080313, 1, 1509081746, 0, 1509090313, 1, 1509091744, 0, 
1509100312, 1, 1509101741, 0, 1509110312, 1, 1509111739, 0, 1509120311, 1, 1509121736, 0, 1509130311, 1, 1509131734, 0, 
1509140310, 1, 1509141731, 0, 1509150310, 1, 1509151729, 0, 1509160309, 1, 1509161726, 0, 1509170309, 1, 1509171724, 0, 
1509180308, 1, 1509181721, 0, 1509190308, 1, 1509191719, 0, 1509200307, 1, 1509201716, 0, 1509210307, 1, 1509211714, 0, 
1509220306, 1, 1509221711, 0, 1509230306, 1, 1509231709, 0, 1509240306, 1, 1509241706, 0, 1509250305, 1, 1509251704, 0, 
1509260305, 1, 1509261701, 0, 1509270304, 1, 1509271658, 0, 1509280303, 1, 1509281656, 0, 1509290303, 1, 1509291653, 0, 
1509300302, 1, 1509301651, 0, 1510010302, 1, 1510011648, 0, 1510020301, 1, 1510021645, 0, 1510030301, 1, 1510031643, 0, 
1510040300, 1, 1510041640, 0, 1510050300, 1, 1510051638, 0, 1510060259, 1, 1510061635, 0, 1510070259, 1, 1510071632, 0, 
1510080258, 1, 1510081630, 0, 1510090258, 1, 1510091627, 0, 1510100257, 1, 1510101624, 0, 1510110257, 1, 1510111622, 0, 
1510120256, 1, 1510121619, 0, 1510130255, 1, 1510131616, 0, 1510140255, 1, 1510141614, 0, 1510150254, 1, 1510151611, 0, 
1510160254, 1, 1510161608, 0, 1510170253, 1, 1510171605, 0, 1510180253, 1, 1510181603, 0, 1510190252, 1, 1510191600, 0, 
1510200251, 1, 1510201557, 0, 1510210251, 1, 1510211555, 0, 1510220250, 1, 1510221552, 0, 1510230250, 1, 1510231549, 0, 
1510240249, 1, 1510241546, 0, 1510250248, 1, 1510251544, 0, 1510260248, 1, 1510261541, 0, 1510270247, 1, 1510271538, 0, 
1510280246, 1, 1510281536, 0, 1510290246, 1, 1510291533, 0, 1510300245, 1, 1510301530, 0, 1510310245, 1, 1510311527, 0, 
1511010244, 1, 1511011525, 0, 1511020243, 1, 1511021522, 0, 1511030243, 1, 1511031519, 0, 1511040242, 1, 1511041516, 0, 
1511050241, 1, 1511051514, 0, 1511060241, 1, 1511061511, 0, 1511070240, 1, 1511071508, 0, 1511080239, 1, 1511081505, 0, 
1511090239, 1, 1511091503, 0, 1511100238, 1, 1511101500, 0, 1511110237, 1, 1511111457, 0, 1511120237, 1, 1511121454, 0, 
1511130236, 1, 1511131451, 0, 1511140235, 1, 1511141449, 0, 1511150234, 1, 1511151446, 0, 1511160234, 1, 1511161443, 0, 
1511170233, 1, 1511171440, 0, 1511180232, 1, 1511181438, 0, 1511190232, 1, 1511191435, 0, 1511200231, 1, 1511201432, 0, 
1511210230, 1, 1511211429, 0, 1511220229, 1, 1511221427, 0, 1511230229, 1, 1511231424, 0, 1511240228, 1, 1511241421, 0, 
1511250227, 1, 1511251418, 0, 1511260227, 1, 1511261415, 0, 1511270226, 1, 1511271413, 0, 1511280225, 1, 1511281410, 0, 
1511290224, 1, 1511291407, 0, 1511300223, 1, 1511301404, 0, 1512010223, 1, 1512011402, 0, 1512020222, 1, 1512021359, 0, 
1512030221, 1, 1512031356, 0, 1512040220, 1, 1512041353, 0, 1512050220, 1, 1512051351, 0, 1512060219, 1, 1512061348, 0, 
1512070218, 1, 1512071345, 0, 1512080217, 1, 1512081342, 0, 1512090216, 1, 1512091340, 0, 1512100216, 1, 1512101337, 0, 
1512110215, 1, 1512111334, 0, 1512120214, 1, 1512121331, 0, 1512130213, 1, 1512131328, 0, 1512140212, 1, 1512141326, 0, 
1512150212, 1, 1512151323, 0, 1512160211, 1, 1512161320, 0, 1512170210, 1, 1512171317, 0, 1512180209, 1, 1512181315, 0, 
1512190208, 1, 1512191312, 0, 1512200207, 1, 1512201309, 0, 1512210206, 1, 1512211306, 0, 1512220206, 1, 1512221304, 0, 
1512230205, 1, 1512231301, 0, 1512240204, 1, 1512241258, 0, 1512250203, 1, 1512251255, 0, 1512260202, 1, 1512261253, 0, 
1512270201, 1, 1512271250, 0, 1512280200, 1, 1512281247, 0, 1512290159, 1, 1512291245, 0, 1512300158, 1, 1512301242, 0, 
1512310157, 1, 1512311239, 0, 1601010156, 1, 1601011236, 0, 1601020156, 1, 1601021234, 0, 1601030155, 1, 1601031231, 0, 
1601040154, 1, 1601041228, 0, 1601050153, 1, 1601051225, 0, 1601060152, 1, 1601061223, 0, 1601070151, 1, 1601071220, 0, 
1601080150, 1, 1601081217, 0, 1601090149, 1, 1601091215, 0, 1601100148, 1, 1601101212, 0, 1601110147, 1, 1601111209, 0, 
1601120146, 1, 1601121207, 0, 1601130145, 1, 1601131204, 0, 1601140144, 1, 1601141201, 0, 1601150142, 1, 1601151158, 0, 
1601160141, 1, 1601161156, 0, 1601170140, 1, 1601171153, 0, 1601180139, 1, 1601181150, 0, 1601190138, 1, 1601191148, 0, 
1601200137, 1, 1601201145, 0, 1601210136, 1, 1601211142, 0, 1601220135, 1, 1601221140, 0, 1601230134, 1, 1601231137, 0, 
1601240132, 1, 1601241134, 0, 1601250131, 1, 1601251131, 0, 1601260130, 1, 1601261129, 0, 1601270129, 1, 1601271126, 0, 
1601280128, 1, 1601281123, 0, 1601290127, 1, 1601291121, 0, 1601300125, 1, 1601301118, 0, 1601310124, 1, 1601311115, 0, 
1602010123, 1, 1602011113, 0, 1602020122, 1, 1602021110, 0, 1602030120, 1, 1602031107, 0, 1602040119, 1, 1602041105, 0, 
1602050118, 1, 1602051102, 0, 1602060116, 1, 1602061059, 0, 1602070115, 1, 1602071056, 0, 1602080114, 1, 1602081054, 0, 
1602090112, 1, 1602091051, 0, 1602100111, 1, 1602101048, 0, 1602110109, 1, 1602111046, 0, 1602120108, 1, 1602121043, 0, 
1602130106, 1, 1602131040, 0, 1602140105, 1, 1602141038, 0, 1602150104, 1, 1602151035, 0, 1602160102, 1, 1602161032, 0, 
1602170100, 1, 1602171029, 0, 1602180059, 1, 1602181027, 0, 1602190057, 1, 1602191024, 0, 1602200056, 1, 1602201021, 0, 
1602210054, 1, 1602211018, 0, 1602220052, 1, 1602221016, 0, 1602230051, 1, 1602231013, 0, 1602240049, 1, 1602241010, 0, 
1602250047, 1, 1602251007, 0, 1602260046, 1, 1602261005, 0, 1602270044, 1, 1602271002, 0, 1602280042, 1, 1602280959, 0, 
1602290040, 1, 1602290956, 0, 1603010039, 1, 1603010953, 0, 1603020037, 1, 1603020951, 0, 1603030035, 1, 1603030948, 0, 
1603040033, 1, 1603040945, 0, 1603050031, 1, 1603050942, 0, 1603060029, 1, 1603060939, 0, 1603070027, 1, 1603070936, 0, 
1603080025, 1, 1603080933, 0, 1603090023, 1, 1603090930, 0, 1603100021, 1, 1603100927, 0, 1603110019, 1, 1603110924, 0, 
1603120017, 1, 1603120921, 0, 1603130014, 1, 1603130919, 0, 1603140012, 1, 1603140916, 0, 1603150010, 1, 1603150912, 0, 
1603160008, 1, 1603160909, 0, 1603170005, 1, 1603170906, 0, 1603180003, 1, 1603180903, 0, 1603190001, 1, 1603190900, 0, 
1603192358, 1, 1603200857, 0, 1603202356, 1, 1603210854, 0, 1603212353, 1, 1603220851, 0, 1603222351, 1, 1603230848, 0, 
1603232348, 1, 1603240844, 0, 1603242346, 1, 1603250841, 0, 1603252343, 1, 1603260838, 0, 1603262340, 1, 1603270834, 0, 
1603272338, 1, 1603280831, 0, 1603282335, 1, 1603290828, 0, 1603292332, 1, 1603300824, 0, 1603302329, 1, 1603310821, 0, 
1603312326, 1, 1604010817, 0, 1604012323, 1, 1604020814, 0, 1604022320, 1, 1604030810, 0, 1604032317, 1, 1604040807, 0, 
1604042314, 1, 1604050803, 0, 1604052311, 1, 1604060800, 0, 1604062308, 1, 1604070756, 0, 1604072305, 1, 1604080752, 0, 
1604082301, 1, 1604090748, 0, 1604092258, 1, 1604100745, 0, 1604102255, 1, 1604110741, 0, 1604112251, 1, 1604120737, 0, 
1604122248, 1, 1604130733, 0, 1604132244, 1, 1604140729, 0, 1604142240, 1, 1604150725, 0, 1604152237, 1, 1604160721, 0, 
1604162233, 1, 1604170717, 0, 1604172229, 1, 1604180713, 0, 1604182225, 1, 1604190708, 0, 1604192222, 1, 1604200704, 0, 
1604202218, 1, 1604210700, 0, 1604212214, 1, 1604220655, 0, 1604222209, 1, 1604230651, 0, 1604232205, 1, 1604240647, 0, 
1604242201, 1, 1604250642, 0, 1604252157, 1, 1604260638, 0, 1604262152, 1, 1604270633, 0, 1604272148, 1, 1604280628, 0, 
1604282144, 1, 1604290624, 0, 1604292139, 1, 1604300619, 0, 1604302135, 1, 1605010614, 0, 1605012130, 1, 1605020609, 0, 
1605022125, 1, 1605030604, 0, 1605032120, 1, 1605040600, 0, 1605042116, 1, 1605050555, 0, 1605052111, 1, 1605060550, 0, 
1605062106, 1, 1605070545, 0, 1605072101, 1, 1605080540, 0, 1605082056, 1, 1605090534, 0, 1605092051, 1, 1605100529, 0, 
1605102046, 1, 1605110524, 0, 1605112040, 1, 1605120519, 0, 1605122035, 1, 1605130514, 0, 1605132030, 1, 1605140509, 0, 
1605142025, 1, 1605150503, 0, 1605152019, 1, 1605160458, 0, 1605162014, 1, 1605170453, 0, 1605172008, 1, 1605180447, 0, 
1605182003, 1, 1605190442, 0, 1605191957, 1, 1605200437, 0, 1605201952, 1, 1605210431, 0, 1605211946, 1, 1605220426, 0, 
1605221941, 1, 1605230421, 0, 1605231935, 1, 1605240416, 0, 1605241930, 1, 1605250410, 0, 1605251924, 1, 1605260405, 0, 
1605261919, 1, 1605270400, 0, 1605271913, 1, 1605280354, 0, 1605281907, 1, 1605290349, 0, 1605291902, 1, 1605300344, 0, 
1605301856, 1, 1605310339, 0, 1605311851, 1, 1606010333, 0, 1606011845, 1, 1606020328, 0, 1606021840, 1, 1606030323, 0, 
1606031834, 1, 1606040318, 0, 1606041829, 1, 1606050313, 0, 1606051823, 1, 1606060308, 0, 1606061818, 1, 1606070303, 0, 
1606071813, 1, 1606080258, 0, 1606081808, 1, 1606090253, 0, 1606091802, 1, 1606100248, 0, 1606101757, 1, 1606110243, 0, 
1606111752, 1, 1606120238, 0, 1606121747, 1, 1606130233, 0, 1606131742, 1, 1606140229, 0, 1606141737, 1, 1606150224, 0, 
1606151732, 1, 1606160219, 0, 1606161728, 1, 1606170214, 0, 1606171723, 1, 1606180210, 0, 1606181718, 1, 1606190205, 0, 
1606191714, 1, 1606200201, 0, 1606201709, 1, 1606210156, 0, 1606211705, 1, 1606220152, 0, 1606221700, 1, 1606230148, 0, 
1606231656, 1, 1606240143, 0, 1606241652, 1, 1606250139, 0, 1606251647, 1, 1606260135, 0, 1606261643, 1, 1606270131, 0, 
1606271639, 1, 1606280126, 0, 1606281635, 1, 1606290122, 0, 1606291631, 1, 1606300118, 0, 1606301628, 1, 1607010114, 0, 
1607011624, 1, 1607020110, 0, 1607021620, 1, 1607030106, 0, 1607031617, 1, 1607040103, 0, 1607041613, 1, 1607050059, 0, 
1607051610, 1, 1607060055, 0, 1607061606, 1, 1607070051, 0, 1607071603, 1, 1607080047, 0, 1607081600, 1, 1607090044, 0, 
1607091557, 1, 1607100040, 0, 1607101553, 1, 1607110036, 0, 1607111550, 1, 1607120033, 0, 1607121547, 1, 1607130029, 0, 
1607131544, 1, 1607140026, 0, 1607141542, 1, 1607150022, 0, 1607151539, 1, 1607160019, 0, 1607161536, 1, 1607170016, 0, 
1607171533, 1, 1607180012, 0, 1607181531, 1, 1607190009, 0, 1607191528, 1, 1607200006, 0, 1607201526, 1, 1607210002, 0, 
1607211523, 1, 1607212359, 0, 1607221521, 1, 1607222356, 0, 1607231518, 1, 1607232353, 0, 1607241516, 1, 1607242350, 0, 
1607251514, 1, 1607252347, 0, 1607261512, 1, 1607262344, 0, 1607271510, 1, 1607272341, 0, 1607281507, 1, 1607282338, 0, 
1607291505, 1, 1607292335, 0, 1607301503, 1, 1607302332, 0, 1607311501, 1, 1607312329, 0, 1608011459, 1, 1608012326, 0, 
1608021458, 1, 1608022323, 0, 1608031456, 1, 1608032321, 0, 1608041454, 1, 1608042318, 0, 1608051452, 1, 1608052315, 0, 
1608061450, 1, 1608062313, 0, 1608071449, 1, 1608072310, 0, 1608081447, 1, 1608082307, 0, 1608091445, 1, 1608092305, 0, 
1608101444, 1, 1608102302, 0, 1608111442, 1, 1608112300, 0, 1608121441, 1, 1608122257, 0, 1608131439, 1, 1608132255, 0, 
1608141438, 1, 1608142252, 0, 1608151436, 1, 1608152250, 0, 1608161435, 1, 1608162248, 0, 1608171433, 1, 1608172245, 0, 
1608181432, 1, 1608182243, 0, 1608191431, 1, 1608192241, 0, 1608201429, 1, 1608202239, 0, 1608211428, 1, 1608212236, 0, 
1608221427, 1, 1608222234, 0, 1608231426, 1, 1608232232, 0, 1608241424, 1, 1608242230, 0, 1608251423, 1, 1608252228, 0, 
1608261422, 1, 1608262226, 0, 1608271421, 1, 1608272224, 0, 1608281420, 1, 1608282222, 0, 1608291418, 1, 1608292220, 0, 
1608301417, 1, 1608302218, 0, 1608311416, 1, 1608312216, 0, 1609011415, 1, 1609012214, 0, 1609021414, 1, 1609022213, 0, 
1609031413, 1, 1609032211, 0, 1609041412, 1, 1609042209, 0, 1609051411, 1, 1609052207, 0, 1609061410, 1, 1609062206, 0, 
1609071409, 1, 1609072204, 0, 1609081407, 1, 1609082203, 0, 1609091406, 1, 1609092201, 0, 1609101405, 1, 1609102159, 0, 
1609111404, 1, 1609112158, 0, 1609121403, 1, 1609122156, 0, 1609131402, 1, 1609132155, 0, 1609141401, 1, 1609142154, 0, 
1609151400, 1, 1609152152, 0, 1609161359, 1, 1609162151, 0, 1609171358, 1, 1609172150, 0, 1609181357, 1, 1609182148, 0, 
1609191356, 1, 1609192147, 0, 1609201355, 1, 1609202146, 0, 1609211354, 1, 1609212145, 0, 1609221353, 1, 1609222144, 0, 
1609231352, 1, 1609232143, 0, 1609241350, 1, 1609242142, 0, 1609251349, 1, 1609252141, 0, 1609261348, 1, 1609262140, 0, 
1609271347, 1, 1609272139, 0, 1609281346, 1, 1609282138, 0, 1609291345, 1, 1609292137, 0, 1609301344, 1, 1609302136, 0, 
1610011343, 1, 1610012135, 0, 1610021341, 1, 1610022134, 0, 1610031340, 1, 1610032134, 0, 1610041339, 1, 1610042133, 0, 
1610051338, 1, 1610052132, 0, 1610061336, 1, 1610062132, 0, 1610071335, 1, 1610072131, 0, 1610081334, 1, 1610082130, 0, 
1610091333, 1, 1610092130, 0, 1610101331, 1, 1610102129, 0, 1610111330, 1, 1610112129, 0, 1610121329, 1, 1610122128, 0, 
1610131327, 1, 1610132128, 0, 1610141326, 1, 1610142127, 0, 1610151325, 1, 1610152127, 0, 1610161323, 1, 1610162127, 0, 
1610171322, 1, 1610172126, 0, 1610181320, 1, 1610182126, 0, 1610191319, 1, 1610192126, 0, 1610201318, 1, 1610202125, 0, 
1610211316, 1, 1610212125, 0, 1610221315, 1, 1610222125, 0, 1610231313, 1, 1610232125, 0, 1610241312, 1, 1610242125, 0, 
1610251310, 1, 1610252124, 0, 1610261308, 1, 1610262124, 0, 1610271307, 1, 1610272124, 0, 1610281305, 1, 1610282124, 0, 
1610291304, 1, 1610292124, 0, 1610301302, 1, 1610302124, 0, 1610311300, 1, 1610312124, 0, 1611011258, 1, 1611012124, 0, 
1611021257, 1, 1611022124, 0, 1611031255, 1, 1611032124, 0, 1611041253, 1, 1611042124, 0, 1611051252, 1, 1611052124, 0, 
1611061250, 1, 1611062124, 0, 1611071248, 1, 1611072124, 0, 1611081246, 1, 1611082124, 0, 1611091244, 1, 1611092124, 0, 
1611101242, 1, 1611102125, 0, 1611111241, 1, 1611112125, 0, 1611121239, 1, 1611122125, 0, 1611131237, 1, 1611132125, 0, 
1611141235, 1, 1611142125, 0, 1611151233, 1, 1611152125, 0, 1611161231, 1, 1611162125, 0, 1611171229, 1, 1611172126, 0, 
1611181227, 1, 1611182126, 0, 1611191225, 1, 1611192126, 0, 1611201223, 1, 1611202126, 0, 1611211221, 1, 1611212126, 0, 
1611221219, 1, 1611222127, 0, 1611231217, 1, 1611232127, 0, 1611241215, 1, 1611242127, 0, 1611251212, 1, 1611252127, 0, 
1611261210, 1, 1611262128, 0, 1611271208, 1, 1611272128, 0, 1611281206, 1, 1611282128, 0, 1611291204, 1, 1611292128, 0, 
1611301202, 1, 1611302129, 0, 1612011159, 1, 1612012129, 0, 1612021157, 1, 1612022129, 0, 1612031155, 1, 1612032129, 0, 
1612041153, 1, 1612042130, 0, 1612051150, 1, 1612052130, 0, 1612061148, 1, 1612062130, 0, 1612071146, 1, 1612072131, 0, 
1612081144, 1, 1612082131, 0, 1612091141, 1, 1612092131, 0, 1612101139, 1, 1612102131, 0, 1612111137, 1, 1612112132, 0, 
1612121134, 1, 1612122132, 0, 1612131132, 1, 1612132132, 0, 1612141130, 1, 1612142132, 0, 1612151127, 1, 1612152133, 0, 
1612161125, 1, 1612162133, 0, 1612171123, 1, 1612172133, 0, 1612181120, 1, 1612182133, 0, 1612191118, 1, 1612192134, 0, 
1612201115, 1, 1612202134, 0, 1612211113, 1, 1612212134, 0, 1612221111, 1, 1612222134, 0, 1612231108, 1, 1612232135, 0, 
1612241106, 1, 1612242135, 0, 1612251103, 1, 1612252135, 0, 1612261101, 1, 1612262135, 0, 1612271058, 1, 1612272136, 0, 
1612281056, 1, 1612282136, 0, 1612291053, 1, 1612292136, 0, 1612301051, 1, 1612302136, 0, 1612311048, 1, 1612312137, 0, 
1701011046, 1, 1701012137, 0, 1701021043, 1, 1701022137, 0, 1701031041, 1, 1701032137, 0, 1701041038, 1, 1701042137, 0, 
1701051036, 1, 1701052138, 0, 1701061033, 1, 1701062138, 0, 1701071031, 1, 1701072138, 0, 1701081028, 1, 1701082138, 0, 
1701091026, 1, 1701092138, 0, 1701101023, 1, 1701102139, 0, 1701111021, 1, 1701112139, 0, 1701121018, 1, 1701122139, 0, 
1701131016, 1, 1701132139, 0, 1701141013, 1, 1701142139, 0, 1701151010, 1, 1701152140, 0, 1701161008, 1, 1701162140, 0, 
1701171005, 1, 1701172140, 0, 1701181003, 1, 1701182140, 0, 1701191000, 1, 1701192140, 0, 1701200958, 1, 1701202140, 0, 
1701210955, 1, 1701212141, 0, 1701220952, 1, 1701222141, 0, 1701230950, 1, 1701232141, 0, 1701240947, 1, 1701242141, 0, 
1701250945, 1, 1701252141, 0, 1701260942, 1, 1701262141, 0, 1701270939, 1, 1701272141, 0, 1701280937, 1, 1701282142, 0, 
1701290934, 1, 1701292142, 0, 1701300932, 1, 1701302142, 0, 1701310929, 1, 1701312142, 0, 1702010927, 1, 1702012142, 0, 
1702020924, 1, 1702022142, 0, 1702030921, 1, 1702032142, 0, 1702040919, 1, 1702042142, 0, 1702050916, 1, 1702052143, 0, 
1702060914, 1, 1702062143, 0, 1702070911, 1, 1702072143, 0, 1702080908, 1, 1702082143, 0, 1702090906, 1, 1702092143, 0, 
1702100903, 1, 1702102143, 0, 1702110901, 1, 1702112143, 0, 1702120858, 1, 1702122143, 0, 1702130856, 1, 1702132143, 0, 
1702140853, 1, 1702142144, 0, 1702150850, 1, 1702152144, 0, 1702160848, 1, 1702162144, 0, 1702170845, 1, 1702172144, 0, 
1702180843, 1, 1702182144, 0, 1702190840, 1, 1702192144, 0, 1702200838, 1, 1702202144, 0, 1702210835, 1, 1702212144, 0, 
1702220833, 1, 1702222144, 0, 1702230830, 1, 1702232144, 0, 1702240828, 1, 1702242144, 0, 1702250825, 1, 1702252144, 0, 
1702260822, 1, 1702262145, 0, 1702270820, 1, 1702272145, 0, 1702280817, 1, 1702282145, 0, 1703010815, 1, 1703012145, 0, 
1703020812, 1, 1703022145, 0, 1703030810, 1, 1703032145, 0, 1703040807, 1, 1703042145, 0, 1703050805, 1, 1703052145, 0, 
1703060803, 1, 1703062145, 0, 1703070800, 1, 1703072145, 0, 1703080758, 1, 1703082145, 0, 1703090755, 1, 1703092145, 0, 
1703100753, 1, 1703102145, 0, 1703110750, 1, 1703112145, 0, 1703120748, 1, 1703122145, 0, 1703130745, 1, 1703132145, 0, 
1703140743, 1, 1703142146, 0, 1703150741, 1, 1703152146, 0, 1703160738, 1, 1703162146, 0, 1703170736, 1, 1703172146, 0, 
1703180733, 1, 1703182146, 0, 1703190731, 1, 1703192146, 0, 1703200729, 1, 1703202146, 0, 1703210726, 1, 1703212146, 0, 
1703220724, 1, 1703222146, 0, 1703230722, 1, 1703232146, 0, 1703240719, 1, 1703242146, 0, 1703250717, 1, 1703252146, 0, 
1703260715, 1, 1703262146, 0, 1703270712, 1, 1703272146, 0, 1703280710, 1, 1703282146, 0, 1703290708, 1, 1703292146, 0, 
1703300706, 1, 1703302146, 0, 1703310703, 1, 1703312146, 0, 1704010701, 1, 1704012146, 0, 1704020659, 1, 1704022146, 0, 
1704030657, 1, 1704032146, 0, 1704040655, 1, 1704042146, 0, 1704050652, 1, 1704052145, 0, 1704060650, 1, 1704062145, 0, 
1704070648, 1, 1704072145, 0, 1704080646, 1, 1704082145, 0, 1704090644, 1, 1704092145, 0, 1704100642, 1, 1704102145, 0, 
1704110640, 1, 1704112145, 0, 1704120638, 1, 1704122145, 0, 1704130636, 1, 1704132145, 0, 1704140634, 1, 1704142145, 0, 
1704150632, 1, 1704152145, 0, 1704160630, 1, 1704162144, 0, 1704170628, 1, 1704172144, 0, 1704180626, 1, 1704182144, 0, 
1704190624, 1, 1704192144, 0, 1704200622, 1, 1704202144, 0, 1704210620, 1, 1704212144, 0, 1704220618, 1, 1704222143, 0, 
1704230616, 1, 1704232143, 0, 1704240614, 1, 1704242143, 0, 1704250612, 1, 1704252143, 0, 1704260610, 1, 1704262142, 0, 
1704270608, 1, 1704272142, 0, 1704280607, 1, 1704282142, 0, 1704290605, 1, 1704292142, 0, 1704300603, 1, 1704302141, 0, 
1705010601, 1, 1705012141, 0, 1705020600, 1, 1705022141, 0, 1705030558, 1, 1705032140, 0, 1705040556, 1, 1705042140, 0, 
1705050555, 1, 1705052139, 0, 1705060553, 1, 1705062139, 0, 1705070551, 1, 1705072139, 0, 1705080550, 1, 1705082138, 0, 
1705090548, 1, 1705092138, 0, 1705100547, 1, 1705102137, 0, 1705110545, 1, 1705112137, 0, 1705120543, 1, 1705122136, 0, 
1705130542, 1, 1705132136, 0, 1705140540, 1, 1705142135, 0, 1705150539, 1, 1705152135, 0, 1705160538, 1, 1705162134, 0, 
1705170536, 1, 1705172134, 0, 1705180535, 1, 1705182133, 0, 1705190533, 1, 1705192132, 0, 1705200532, 1, 1705202132, 0, 
1705210531, 1, 1705212131, 0, 1705220529, 1, 1705222130, 0, 1705230528, 1, 1705232130, 0, 1705240527, 1, 1705242129, 0, 
1705250525, 1, 1705252128, 0, 1705260524, 1, 1705262127, 0, 1705270523, 1, 1705272126, 0, 1705280522, 1, 1705282126, 0, 
1705290521, 1, 1705292125, 0, 1705300519, 1, 1705302124, 0, 1705310518, 1, 1705312123, 0, 1706010517, 1, 1706012122, 0, 
1706020516, 1, 1706022121, 0, 1706030515, 1, 1706032120, 0, 1706040514, 1, 1706042119, 0, 1706050513, 1, 1706052118, 0, 
1706060512, 1, 1706062117, 0, 1706070511, 1, 1706072116, 0, 1706080510, 1, 1706082115, 0, 1706090509, 1, 1706092114, 0, 
1706100508, 1, 1706102113, 0, 1706110507, 1, 1706112112, 0, 1706120506, 1, 1706122110, 0, 1706130505, 1, 1706132109, 0, 
1706140504, 1, 1706142108, 0, 1706150503, 1, 1706152107, 0, 1706160502, 1, 1706162105, 0, 1706170502, 1, 1706172104, 0, 
1706180501, 1, 1706182103, 0, 1706190500, 1, 1706192101, 0, 1706200459, 1, 1706202100, 0, 1706210458, 1, 1706212059, 0, 
1706220458, 1, 1706222057, 0, 1706230457, 1, 1706232056, 0, 1706240456, 1, 1706242054, 0, 1706250455, 1, 1706252053, 0, 
1706260455, 1, 1706262051, 0, 1706270454, 1, 1706272050, 0, 1706280453, 1, 1706282048, 0, 1706290453, 1, 1706292047, 0, 
1706300452, 1, 1706302045, 0, 1707010451, 1, 1707012044, 0, 1707020451, 1, 1707022042, 0, 1707030450, 1, 1707032040, 0, 
1707040450, 1, 1707042039, 0, 1707050449, 1, 1707052037, 0, 1707060448, 1, 1707062035, 0, 1707070448, 1, 1707072033, 0, 
1707080447, 1, 1707082032, 0, 1707090447, 1, 1707092030, 0, 1707100446, 1, 1707102028, 0, 1707110446, 1, 1707112026, 0, 
1707120445, 1, 1707122024, 0, 1707130445, 1, 1707132023, 0, 1707140444, 1, 1707142021, 0, 1707150443, 1, 1707152019, 0, 
1707160443, 1, 1707162017, 0, 1707170443, 1, 1707172015, 0, 1707180442, 1, 1707182013, 0, 1707190442, 1, 1707192011, 0, 
1707200441, 1, 1707202009, 0, 1707210441, 1, 1707212007, 0, 1707220440, 1, 1707222005, 0, 1707230440, 1, 1707232003, 0, 
1707240439, 1, 1707242001, 0, 1707250439, 1, 1707251959, 0, 1707260438, 1, 1707261957, 0, 1707270438, 1, 1707271955, 0, 
1707280437, 1, 1707281952, 0, 1707290437, 1, 1707291950, 0, 1707300437, 1, 1707301948, 0, 1707310436, 1, 1707311946, 0, 
1708010436, 1, 1708011944, 0, 1708020435, 1, 1708021942, 0, 1708030435, 1, 1708031939, 0, 1708040434, 1, 1708041937, 0, 
1708050434, 1, 1708051935, 0, 1708060434, 1, 1708061933, 0, 1708070433, 1, 1708071930, 0, 1708080433, 1, 1708081928, 0, 
1708090432, 1, 1708091926, 0, 1708100432, 1, 1708101923, 0, 1708110432, 1, 1708111921, 0, 1708120431, 1, 1708121919, 0, 
1708130431, 1, 1708131916, 0, 1708140430, 1, 1708141914, 0, 1708150430, 1, 1708151912, 0, 1708160429, 1, 1708161909, 0, 
1708170429, 1, 1708171907, 0, 1708180429, 1, 1708181904, 0, 1708190428, 1, 1708191902, 0, 1708200428, 1, 1708201900, 0, 
1708210427, 1, 1708211857, 0, 1708220427, 1, 1708221855, 0, 1708230427, 1, 1708231852, 0, 1708240426, 1, 1708241850, 0, 
1708250426, 1, 1708251847, 0, 1708260425, 1, 1708261845, 0, 1708270425, 1, 1708271842, 0, 1708280424, 1, 1708281840, 0, 
1708290424, 1, 1708291837, 0, 1708300424, 1, 1708301835, 0, 1708310423, 1, 1708311832, 0, 1709010423, 1, 1709011830, 0, 
1709020422, 1, 1709021827, 0, 1709030422, 1, 1709031825, 0, 1709040421, 1, 1709041822, 0, 1709050421, 1, 1709051819, 0, 
1709060421, 1, 1709061817, 0, 1709070420, 1, 1709071814, 0, 1709080420, 1, 1709081812, 0, 1709090419, 1, 1709091809, 0, 
1709100419, 1, 1709101806, 0, 1709110418, 1, 1709111804, 0, 1709120418, 1, 1709121801, 0, 1709130417, 1, 1709131759, 0, 
1709140417, 1, 1709141756, 0, 1709150417, 1, 1709151753, 0, 1709160416, 1, 1709161751, 0, 1709170416, 1, 1709171748, 0, 
1709180415, 1, 1709181745, 0, 1709190415, 1, 1709191743, 0, 1709200414, 1, 1709201740, 0, 1709210414, 1, 1709211737, 0, 
1709220413, 1, 1709221735, 0, 1709230413, 1, 1709231732, 0, 1709240412, 1, 1709241729, 0, 1709250412, 1, 1709251727, 0, 
1709260411, 1, 1709261724, 0, 1709270411, 1, 1709271721, 0, 1709280410, 1, 1709281719, 0, 1709290410, 1, 1709291716, 0, 
1709300409, 1, 1709301713, 0, 1710010409, 1, 1710011711, 0, 1710020408, 1, 1710021708, 0, 1710030408, 1, 1710031705, 0, 
1710040407, 1, 1710041703, 0, 1710050407, 1, 1710051700, 0, 1710060406, 1, 1710061657, 0, 1710070406, 1, 1710071654, 0, 
1710080405, 1, 1710081652, 0, 1710090405, 1, 1710091649, 0, 1710100404, 1, 1710101646, 0, 1710110404, 1, 1710111644, 0, 
1710120403, 1, 1710121641, 0, 1710130403, 1, 1710131638, 0, 1710140402, 1, 1710141635, 0, 1710150402, 1, 1710151633, 0, 
1710160401, 1, 1710161630, 0, 1710170401, 1, 1710171627, 0, 1710180400, 1, 1710181624, 0, 1710190400, 1, 1710191622, 0, 
1710200359, 1, 1710201619, 0, 1710210359, 1, 1710211616, 0, 1710220358, 1, 1710221614, 0, 1710230358, 1, 1710231611, 0, 
1710240357, 1, 1710241608, 0, 1710250357, 1, 1710251605, 0, 1710260356, 1, 1710261603, 0, 1710270356, 1, 1710271600, 0, 
1710280355, 1, 1710281557, 0, 1710290355, 1, 1710291554, 0, 1710300354, 1, 1710301552, 0, 1710310354, 1, 1710311549, 0, 
1711010353, 1, 1711011546, 0, 1711020353, 1, 1711021544, 0, 1711030352, 1, 1711031541, 0, 1711040352, 1, 1711041538, 0, 
1711050351, 1, 1711051535, 0, 1711060350, 1, 1711061533, 0, 1711070350, 1, 1711071530, 0, 1711080349, 1, 1711081527, 0, 
1711090349, 1, 1711091525, 0, 1711100348, 1, 1711101522, 0, 1711110348, 1, 1711111519, 0, 1711120347, 1, 1711121516, 0, 
1711130347, 1, 1711131514, 0, 1711140346, 1, 1711141511, 0, 1711150346, 1, 1711151508, 0, 1711160345, 1, 1711161506, 0, 
1711170345, 1, 1711171503, 0, 1711180344, 1, 1711181500, 0, 1711190344, 1, 1711191458, 0, 1711200343, 1, 1711201455, 0, 
1711210343, 1, 1711211452, 0, 1711220342, 1, 1711221450, 0, 1711230342, 1, 1711231447, 0, 1711240341, 1, 1711241444, 0, 
1711250341, 1, 1711251442, 0, 1711260340, 1, 1711261439, 0, 1711270339, 1, 1711271436, 0, 1711280339, 1, 1711281434, 0, 
1711290338, 1, 1711291431, 0, 1711300338, 1, 1711301428, 0, 1712010337, 1, 1712011426, 0, 1712020337, 1, 1712021423, 0, 
1712030336, 1, 1712031420, 0, 1712040336, 1, 1712041418, 0, 1712050335, 1, 1712051415, 0, 1712060335, 1, 1712061413, 0, 
1712070334, 1, 1712071410, 0, 1712080334, 1, 1712081407, 0, 1712090333, 1, 1712091405, 0, 1712100333, 1, 1712101402, 0, 
1712110332, 1, 1712111400, 0, 1712120332, 1, 1712121357, 0, 1712130331, 1, 1712131355, 0, 1712140331, 1, 1712141352, 0, 
1712150330, 1, 1712151350, 0, 1712160329, 1, 1712161347, 0, 1712170329, 1, 1712171344, 0, 1712180328, 1, 1712181342, 0, 
1712190328, 1, 1712191339, 0, 1712200327, 1, 1712201337, 0, 1712210327, 1, 1712211334, 0, 1712220326, 1, 1712221332, 0, 
1712230326, 1, 1712231329, 0, 1712240325, 1, 1712241327, 0, 1712250325, 1, 1712251325, 0, 1712260324, 1, 1712261322, 0, 
1712270324, 1, 1712271320, 0, 1712280323, 1, 1712281317, 0, 1712290323, 1, 1712291315, 0, 1712300322, 1, 1712301312, 0, 
1712310321, 1, 1712311310, 0, 1801010321, 1, 1801011308, 0, 1801020320, 1, 1801021305, 0, 1801030320, 1, 1801031303, 0, 
1801040319, 1, 1801041300, 0, 1801050319, 1, 1801051258, 0, 1801060318, 1, 1801061256, 0, 1801070318, 1, 1801071253, 0, 
1801080317, 1, 1801081251, 0, 1801090316, 1, 1801091249, 0, 1801100316, 1, 1801101246, 0, 1801110315, 1, 1801111244, 0, 
1801120315, 1, 1801121242, 0, 1801130314, 1, 1801131239, 0, 1801140314, 1, 1801141237, 0, 1801150313, 1, 1801151235, 0, 
1801160312, 1, 1801161233, 0, 1801170312, 1, 1801171230, 0, 1801180311, 1, 1801181228, 0, 1801190310, 1, 1801191226, 0, 
1801200310, 1, 1801201224, 0, 1801210309, 1, 1801211222, 0, 1801220309, 1, 1801221219, 0, 1801230308, 1, 1801231217, 0, 
1801240307, 1, 1801241215, 0, 1801250307, 1, 1801251213, 0, 1801260306, 1, 1801261211, 0, 1801270305, 1, 1801271209, 0, 
1801280305, 1, 1801281207, 0, 1801290304, 1, 1801291204, 0, 1801300303, 1, 1801301202, 0, 1801310303, 1, 1801311200, 0, 
1802010302, 1, 1802011158, 0, 1802020301, 1, 1802021156, 0, 1802030300, 1, 1802031154, 0, 1802040300, 1, 1802041152, 0, 
1802050259, 1, 1802051150, 0, 1802060258, 1, 1802061148, 0, 1802070257, 1, 1802071146, 0, 1802080257, 1, 1802081144, 0, 
1802090256, 1, 1802091142, 0, 1802100255, 1, 1802101140, 0, 1802110254, 1, 1802111138, 0, 1802120253, 1, 1802121136, 0, 
1802130253, 1, 1802131134, 0, 1802140252, 1, 1802141133, 0, 1802150251, 1, 1802151131, 0, 1802160250, 1, 1802161129, 0, 
1802170249, 1, 1802171127, 0, 1802180248, 1, 1802181125, 0, 1802190247, 1, 1802191123, 0, 1802200246, 1, 1802201121, 0, 
1802210246, 1, 1802211120, 0, 1802220245, 1, 1802221118, 0, 1802230244, 1, 1802231116, 0, 1802240243, 1, 1802241114, 0, 
1802261111, 0, 1802270240, 1, 1802271109, 0, 1802280239, 1, 1802281107, 0, 1803010238, 1, 1803011106, 0, 1803020237, 1, 
1803021104, 0, 1803030235, 1, 1803031102, 0, 1803040234, 1, 1803041101, 0, 1803050233, 1, 1803051059, 0, 1803060232, 1, 
1803061057, 0, 1803070231, 1, 1803071056, 0, 1803080230, 1, 1803081054, 0, 1803090229, 1, 1803091052, 0, 1803100228, 1, 
1803101051, 0, 1803110226, 1, 1803111049, 0, 1803120225, 1, 1803121047, 0, 1803130224, 1, 1803131046, 0, 1803140223, 1, 
1803141044, 0, 1803150221, 1, 1803151043, 0, 1803160220, 1, 1803161041, 0, 1803170219, 1, 1803171040, 0, 1803180217, 1, 
1803181038, 0, 1803190216, 1, 1803191036, 0, 1803200215, 1, 1803201035, 0, 1803210213, 1, 1803211033, 0, 1803220212, 1, 
1803221032, 0, 1803230211, 1, 1803231030, 0, 1803240209, 1, 1803241029, 0, 1803250208, 1, 1803251027, 0, 1803260206, 1, 
1803261026, 0, 1803270205, 1, 1803271024, 0, 1803280203, 1, 1803281023, 0, 1803290202, 1, 1803291021, 0, 1803300200, 1, 
1803301020, 0, 1803310159, 1, 1803311018, 0, 1804010157, 1, 1804011017, 0, 1804020155, 1, 1804021015, 0, 1804030154, 1, 
1804031014, 0, 1804040152, 1, 1804041012, 0, 1804050150, 1, 1804051011, 0, 1804060149, 1, 1804061009, 0, 1804070147, 1, 
1804071008, 0, 1804080145, 1, 1804081006, 0, 1804090144, 1, 1804091005, 0, 1804100142, 1, 1804101003, 0, 1804110140, 1, 
1804111002, 0, 1804120138, 1, 1804121000, 0, 1804130136, 1, 1804130959, 0, 1804140135, 1, 1804140957, 0, 1804150133, 1, 
1804150956, 0, 1804160131, 1, 1804160954, 0, 1804170129, 1, 1804170953, 0, 1804180127, 1, 1804180951, 0, 1804190125, 1, 
1804190950, 0, 1804200123, 1, 1804200948, 0, 1804210121, 1, 1804210947, 0, 1804220119, 1, 1804220945, 0, 1804230117, 1, 
1804230943, 0, 1804240115, 1, 1804240942, 0, 1804250113, 1, 1804250940, 0, 1804260111, 1, 1804260939, 0, 1804270109, 1, 
1804270937, 0, 1804280107, 1, 1804280935, 0, 1804290105, 1, 1804290934, 0, 1804300103, 1, 1804300932, 0, 1805010101, 1, 
1805010930, 0, 1805020058, 1, 1805020929, 0, 1805030056, 1, 1805030927, 0, 1805040054, 1, 1805040925, 0, 1805050052, 1, 
1805050923, 0, 1805060050, 1, 1805060922, 0, 1805070047, 1, 1805070920, 0, 1805080045, 1, 1805080918, 0, 1805090043, 1, 
1805090916, 0, 1805100040, 1, 1805100914, 0, 1805110038, 1, 1805110912, 0, 1805120036, 1, 1805120910, 0, 1805130033, 1, 
1805130908, 0, 1805140031, 1, 1805140906, 0, 1805150029, 1, 1805150904, 0, 1805160026, 1, 1805160902, 0, 1805170024, 1, 
1805170900, 0, 1805180021, 1, 1805180858, 0, 1805190019, 1, 1805190856, 0, 1805200016, 1, 1805200854, 0, 1805210014, 1, 
1805210852, 0, 1805220011, 1, 1805220849, 0, 1805230009, 1, 1805230847, 0, 1805240006, 1, 1805240845, 0, 1805250003, 1, 
1805260840, 0, 1805262358, 1, 1805270838, 0, 1805272355, 1, 1805280835, 0, 1805282353, 1, 1805290833, 0, 1805292350, 1, 
1805300830, 0, 1805302347, 1, 1805310827, 0, 1805312345, 1, 1806010825, 0, 1806012342, 1, 1806020822, 0, 1806022339, 1, 
1806030819, 0, 1806032336, 1, 1806040816, 0, 1806042333, 1, 1806050814, 0, 1806052331, 1, 1806060811, 0, 1806062328, 1, 
1806070808, 0, 1806072325, 1, 1806080805, 0, 1806082322, 1, 1806090802, 0, 1806092319, 1, 1806100758, 0, 1806102316, 1, 
1806110755, 0, 1806112313, 1, 1806120752, 0, 1806122310, 1, 1806130749, 0, 1806132307, 1, 1806140745, 0, 1806142304, 1, 
1806150742, 0, 1806152301, 1, 1806160738, 0, 1806162257, 1, 1806170735, 0, 1806172254, 1, 1806180731, 0, 1806182251, 1, 
1806190727, 0, 1806192248, 1, 1806200724, 0, 1806202245, 1, 1806210720, 0, 1806212241, 1, 1806220716, 0, 1806222238, 1, 
1806230712, 0, 1806232235, 1, 1806240708, 0, 1806242231, 1, 1806250704, 0, 1806252228, 1, 1806260659, 0, 1806262224, 1, 
1806270655, 0, 1806272221, 1, 1806280651, 0, 1806282218, 1, 1806290646, 0, 1806292214, 1, 1806300642, 0, 1806302210, 1, 
1807010637, 0, 1807012207, 1, 1807020633, 0, 1807022203, 1, 1807030628, 0, 1807032200, 1, 1807040623, 0, 1807042156, 1, 
1807050618, 0, 1807052152, 1, 1807060614, 0, 1807062148, 1, 1807070609, 0, 1807072144, 1, 1807080604, 0, 1807082141, 1, 
1807090559, 0, 1807092137, 1, 1807100553, 0, 1807102133, 1, 1807110548, 0, 1807112129, 1, 1807120543, 0, 1807122125, 1, 
1807130538, 0, 1807132121, 1, 1807140532, 0, 1807142117, 1, 1807150527, 0, 1807152113, 1, 1807160521, 0, 1807162108, 1, 
1807170516, 0, 1807172104, 1, 1807180510, 0, 1807182100, 1, 1807190505, 0, 1807192056, 1, 1807200459, 0, 1807202051, 1, 
1807210454, 0, 1807212047, 1, 1807220448, 0, 1807222043, 1, 1807230442, 0, 1807232038, 1, 1807240437, 0, 1807242034, 1, 
1807250431, 0, 1807252029, 1, 1807260425, 0, 1807262025, 1, 1807270420, 0, 1807272020, 1, 1807280414, 0, 1807282016, 1, 
1807290409, 0, 1807292011, 1, 1807300403, 0, 1807302007, 1, 1807310357, 0, 1807312002, 1, 1808010352, 0, 1808011958, 1, 
1808020346, 0, 1808021953, 1, 1808030341, 0, 1808031948, 1, 1808040336, 0, 1808041944, 1, 1808050330, 0, 1808051939, 1, 
1808060325, 0, 1808061934, 1, 1808070320, 0, 1808071930, 1, 1808080314, 0, 1808081925, 1, 1808090309, 0, 1808091920, 1, 
1808100304, 0, 1808101916, 1, 1808110259, 0, 1808111911, 1, 1808120254, 0, 1808121906, 1, 1808130249, 0, 1808131902, 1, 
1808140244, 0, 1808141857, 1, 1808150240, 0, 1808151853, 1, 1808160235, 0, 1808161848, 1, 1808170231, 0, 1808171843, 1, 
1808180226, 0, 1808181839, 1, 1808190222, 0, 1808191834, 1, 1808200217, 0, 1808201830, 1, 1808210213, 0, 1808211825, 1, 
1808220209, 0, 1808221821, 1, 1808230205, 0, 1808231816, 1, 1808240201, 0, 1808241812, 1, 1808250157, 0, 1808251808, 1, 
1808260153, 0, 1808261803, 1, 1808270150, 0, 1808271759, 1, 1808280146, 0, 1808281755, 1, 1808290142, 0, 1808291751, 1, 
1808300139, 0, 1808301746, 1, 1808310136, 0, 1808311742, 1, 1809010132, 0, 1809011738, 1, 1809020129, 0, 1809021734, 1, 
1809030126, 0, 1809031730, 1, 1809040123, 0, 1809041726, 1, 1809050120, 0, 1809051722, 1, 1809060117, 0, 1809061718, 1, 
1809070114, 0, 1809071714, 1, 1809080111, 0, 1809081710, 1, 1809090108, 0, 1809091706, 1, 1809100106, 0, 1809101703, 1, 
1809110103, 0, 1809111659, 1, 1809120101, 0, 1809121655, 1, 1809130058, 0, 1809131651, 1, 1809140056, 0, 1809141648, 1, 
1809150054, 0, 1809151644, 1, 1809160051, 0, 1809161640, 1, 1809170049, 0, 1809171637, 1, 1809180047, 0, 1809181633, 1, 
1809190045, 0, 1809191630, 1, 1809200043, 0, 1809201626, 1, 1809210041, 0, 1809211623, 1, 1809220039, 0, 1809221619, 1, 
1809230037, 0, 1809231616, 1, 1809240035, 0, 1809241613, 1, 1809250034, 0, 1809251609, 1, 1809260032, 0, 1809261606, 1, 
1809270030, 0, 1809271603, 1, 1809280029, 0, 1809281559, 1, 1809290027, 0, 1809291556, 1, 1809300025, 0, 1809301553, 1, 
1810010024, 0, 1810011549, 1, 1810020022, 0, 1810021546, 1, 1810030021, 0, 1810031543, 1, 1810040020, 0, 1810041540, 1, 
1810050018, 0, 1810051537, 1, 1810060017, 0, 1810061534, 1, 1810070016, 0, 1810071531, 1, 1810080015, 0, 1810081527, 1, 
1810090013, 0, 1810091524, 1, 1810100012, 0, 1810101521, 1, 1810110011, 0, 1810111518, 1, 1810120010, 0, 1810121515, 1, 
1810130009, 0, 1810131512, 1, 1810140008, 0, 1810141509, 1, 1810150007, 0, 1810151506, 1, 1810160006, 0, 1810161503, 1, 
1810170005, 0, 1810171500, 1, 1810180004, 0, 1810181457, 1, 1810190003, 0, 1810191454, 1, 1810200002, 0, 1810201451, 1, 
1810210001, 0, 1810211448, 1, 1810220001, 0, 1810221445, 1, 1810230000, 0, 1810231442, 1, 1810232359, 0, 1810241439, 1, 
1810242358, 0, 1810251436, 1, 1810252357, 0, 1810261434, 1, 1810262357, 0, 1810271431, 1, 1810272356, 0, 1810281428, 1, 
1810282355, 0, 1810291425, 1, 1810292355, 0, 1810301422, 1, 1810302354, 0, 1810311419, 1, 1810312353, 0, 1811011416, 1, 
1811012353, 0, 1811021413, 1, 1811022352, 0, 1811031410, 1, 1811032352, 0, 1811041408, 1, 1811042351, 0, 1811051405, 1, 
1811052350, 0, 1811061402, 1, 1811062350, 0, 1811071359, 1, 1811072349, 0, 1811081356, 1, 1811082349, 0, 1811091353, 1, 
1811092348, 0, 1811101350, 1, 1811102348, 0, 1811111348, 1, 1811112347, 0, 1811121345, 1, 1811122347, 0, 1811131342, 1, 
1811132346, 0, 1811141339, 1, 1811142346, 0, 1811151336, 1, 1811152345, 0, 1811161333, 1, 1811162345, 0, 1811171331, 1, 
1811172345, 0, 1811181328, 1, 1811182344, 0, 1811191325, 1, 1811192344, 0, 1811201322, 1, 1811202343, 0, 1811211319, 1, 
1811212343, 0, 1811221316, 1, 1811222342, 0, 1811231314, 1, 1811232342, 0, 1811241311, 1, 1811242342, 0, 1811251308, 1, 
1811252341, 0, 1811261305, 1, 1811262341, 0, 1811271302, 1, 1811272341, 0, 1811281259, 1, 1811282340, 0, 1811291257, 1, 
1811292340, 0, 1811301254, 1, 1811302340, 0, 1812011251, 1, 1812012339, 0, 1812021248, 1, 1812022339, 0, 1812031245, 1, 
1812032339, 0, 1812041243, 1, 1812042338, 0, 1812051240, 1, 1812052338, 0, 1812061237, 1, 1812062338, 0, 1812071234, 1, 
1812072337, 0, 1812081231, 1, 1812082337, 0, 1812091229, 1, 1812092337, 0, 1812101226, 1, 1812102336, 0, 1812111223, 1, 
1812112336, 0, 1812121220, 1, 1812122336, 0, 1812131217, 1, 1812132335, 0, 1812141215, 1, 1812142335, 0, 1812151212, 1, 
1812152335, 0, 1812161209, 1, 1812162335, 0, 1812171206, 1, 1812172334, 0, 1812181203, 1, 1812182334, 0, 1812191201, 1, 
1812192334, 0, 1812201158, 1, 1812202333, 0, 1812211155, 1, 1812212333, 0, 1812221152, 1, 1812222333, 0, 1812231149, 1, 
1812232333, 0, 1812241147, 1, 1812242332, 0, 1812251144, 1, 1812252332, 0, 1812261141, 1, 1812262332, 0, 1812271138, 1, 
1812272332, 0, 1812281135, 1, 1812282331, 0, 1812291133, 1, 1812292331, 0, 1812301130, 1, 1812302331, 0, 1812311127, 1, 
1812312331, 0, 1901011124, 1, 1901012330, 0, 1901021122, 1, 1901022330, 0, 1901031119, 1, 1901032330, 0, 1901041116, 1, 
1901042330, 0, 1901051113, 1, 1901052329, 0, 1901061111, 1, 1901062329, 0, 1901071108, 1, 1901072329, 0, 1901081105, 1, 
1901082329, 0, 1901091102, 1, 1901092328, 0, 1901101100, 1, 1901102328, 0, 1901111057, 1, 1901112328, 0, 1901121054, 1, 
1901122328, 0, 1901131051, 1, 1901132328, 0, 1901141049, 1, 1901142327, 0, 1901151046, 1, 1901152327, 0, 1901161043, 1, 
1901162327, 0, 1901171040, 1, 1901172327, 0, 1901181038, 1, 1901182326, 0, 1901191035, 1, 1901192326, 0, 1901201032, 1, 
1901202326, 0, 1901211030, 1, 1901212326, 0, 1901221027, 1, 1901222326, 0, 1901231024, 1, 1901232325, 0, 1901241022, 1, 
1901242325, 0, 1901251019, 1, 1901252325, 0, 1901261016, 1, 1901262325, 0, 1901271013, 1, 1901272325, 0, 1901281011, 1, 
1901282324, 0, 1901291008, 1, 1901292324, 0, 1901301005, 1, 1901302324, 0, 1901311003, 1, 1901312324, 0, 1902011000, 1, 
1902012323, 0, 1902020958, 1, 1902022323, 0, 1902030955, 1, 1902032323, 0, 1902040952, 1, 1902042323, 0, 1902050950, 1, 
1902052323, 0, 1902060947, 1, 1902062323, 0, 1902070944, 1, 1902072322, 0, 1902080942, 1, 1902082322, 0, 1902090939, 1, 
1902092322, 0, 1902100937, 1, 1902102322, 0, 1902110934, 1, 1902112322, 0, 1902120932, 1, 1902122321, 0, 1902130929, 1, 
1902132321, 0, 1902140926, 1, 1902142321, 0, 1902150924, 1, 1902152321, 0, 1902160921, 1, 1902162321, 0, 1902170919, 1, 
1902172320, 0, 1902180916, 1, 1902182320, 0, 1902190914, 1, 1902192320, 0, 1902200911, 1, 1902202320, 0, 1902210909, 1, 
1902212320, 0, 1902220906, 1, 1902222319, 0, 1902230904, 1, 1902232319, 0, 1902240901, 1, 1902242319, 0, 1902250859, 1, 
1902252319, 0, 1902260856, 1, 1902262319, 0, 1902270854, 1, 1902272318, 0, 1902280852, 1, 1902282318, 0, 1903010849, 1, 
1903012318, 0, 1903020847, 1, 1903022318, 0, 1903030844, 1, 1903032318, 0, 1903040842, 1, 1903042317, 0, 1903050840, 1, 
1903052317, 0, 1903060837, 1, 1903062317, 0, 1903070835, 1, 1903072317, 0, 1903080832, 1, 1903082317, 0, 1903090830, 1, 
1903092316, 0, 1903100828, 1, 1903102316, 0, 1903110826, 1, 1903112316, 0, 1903120823, 1, 1903122316, 0, 1903130821, 1, 
1903132315, 0, 1903140819, 1, 1903142315, 0, 1903150816, 1, 1903152315, 0, 1903160814, 1, 1903162315, 0, 1903170812, 1, 
1903172314, 0, 1903180810, 1, 1903182314, 0, 1903190808, 1, 1903192314, 0, 1903200805, 1, 1903202314, 0, 1903210803, 1, 
1903212313, 0, 1903220801, 1, 1903222313, 0, 1903230759, 1, 1903232313, 0, 1903240757, 1, 1903242313, 0, 1903250755, 1, 
1903252312, 0, 1903260753, 1, 1903262312, 0, 1903270751, 1, 1903272312, 0, 1903280749, 1, 1903282311, 0, 1903290747, 1, 
1903292311, 0, 1903300744, 1, 1903302311, 0, 1903310742, 1, 1903312310, 0, 1904010741, 1, 1904012310, 0, 1904020739, 1, 
1904022310, 0, 1904030737, 1, 1904032309, 0, 1904040735, 1, 1904042309, 0, 1904050733, 1, 1904052308, 0, 1904060731, 1, 
1904062308, 0, 1904070729, 1, 1904072308, 0, 1904080727, 1, 1904082307, 0, 1904090725, 1, 1904092307, 0, 1904100723, 1, 
1904102306, 0, 1904110722, 1, 1904112306, 0, 1904120720, 1, 1904122305, 0, 1904130718, 1, 1904132305, 0, 1904140716, 1, 
1904142304, 0, 1904150715, 1, 1904152304, 0, 1904160713, 1, 1904162303, 0, 1904170711, 1, 1904172303, 0, 1904180709, 1, 
1904182302, 0, 1904190708, 1, 1904192301, 0, 1904200706, 1, 1904202301, 0, 1904210705, 1, 1904212300, 0, 1904220703, 1, 
1904222300, 0, 1904230701, 1, 1904232259, 0, 1904240700, 1, 1904242258, 0, 1904250658, 1, 1904252258, 0, 1904260657, 1, 
1904262257, 0, 1904270655, 1, 1904272256, 0, 1904280654, 1, 1904282255, 0, 1904290652, 1, 1904292255, 0, 1904300651, 1, 
1904302254, 0, 1905010649, 1, 1905012253, 0, 1905020648, 1, 1905022252, 0, 1905030647, 1, 1905032251, 0, 1905040645, 1, 
1905042251, 0, 1905050644, 1, 1905052250, 0, 1905060643, 1, 1905062249, 0, 1905070641, 1, 1905072248, 0, 1905080640, 1, 
1905082247, 0, 1905090639, 1, 1905092246, 0, 1905100638, 1, 1905102245, 0, 1905110636, 1, 1905112244, 0, 1905120635, 1, 
1905122243, 0, 1905130634, 1, 1905132242, 0, 1905140633, 1, 1905142241, 0, 1905150632, 1, 1905152240, 0, 1905160631, 1, 
1905162239, 0, 1905170630, 1, 1905172238, 0, 1905180629, 1, 1905182237, 0, 1905190627, 1, 1905192235, 0, 1905200626, 1, 
1905202234, 0, 1905210625, 1, 1905212233, 0, 1905220624, 1, 1905222232, 0, 1905230623, 1, 1905232231, 0, 1905240622, 1, 
1905242229, 0, 1905250621, 1, 1905252228, 0, 1905260621, 1, 1905262227, 0, 1905270620, 1, 1905272225, 0, 1905280619, 1, 
1905282224, 0, 1905290618, 1, 1905292223, 0, 1905300617, 1, 1905302221, 0, 1905310616, 1, 1905312220, 0, 1906010615, 1, 
1906012218, 0, 1906020614, 1, 1906022217, 0, 1906030614, 1, 1906032215, 0, 1906040613, 1, 1906042214, 0, 1906050612, 1, 
1906052212, 0, 1906060611, 1, 1906062211, 0, 1906070611, 1, 1906072209, 0, 1906080610, 1, 1906082208, 0, 1906090609, 1, 
1906092206, 0, 1906100608, 1, 1906102204, 0, 1906110608, 1, 1906112203, 0, 1906120607, 1, 1906122201, 0, 1906130606, 1, 
1906132159, 0, 1906140606, 1, 1906142158, 0, 1906150605, 1, 1906152156, 0, 1906160604, 1, 1906162154, 0, 1906170604, 1, 
1906172152, 0, 1906180603, 1, 1906182150, 0, 1906190602, 1, 1906192149, 0, 1906200602, 1, 1906202147, 0, 1906210601, 1, 
1906212145, 0, 1906220601, 1, 1906222143, 0, 1906230600, 1, 1906232141, 0, 1906240600, 1, 1906242139, 0, 1906250559, 1, 
1906252137, 0, 1906260558, 1, 1906262135, 0, 1906270558, 1, 1906272133, 0, 1906280557, 1, 1906282131, 0, 1906290557, 1, 
1906292129, 0, 1906300556, 1, 1906302127, 0, 1907010556, 1, 1907012125, 0, 1907020555, 1, 1907022123, 0, 1907030555, 1, 
1907032121, 0, 1907040554, 1, 1907042119, 0, 1907050554, 1, 1907052117, 0, 1907060553, 1, 1907062115, 0, 1907070553, 1, 
1907072113, 0, 1907080552, 1, 1907082111, 0, 1907090552, 1, 1907092109, 0, 1907100551, 1, 1907102106, 0, 1907110551, 1, 
1907112104, 0, 1907120551, 1, 1907122102, 0, 1907130550, 1, 1907132100, 0, 1907140550, 1, 1907142057, 0, 1907150549, 1, 
1907152055, 0, 1907160549, 1, 1907162053, 0, 1907170548, 1, 1907172051, 0, 1907180548, 1, 1907182048, 0, 1907190547, 1, 
1907192046, 0, 1907200547, 1, 1907202044, 0, 1907210547, 1, 1907212041, 0, 1907220546, 1, 1907222039, 0, 1907230546, 1, 
1907232037, 0, 1907240545, 1, 1907242034, 0, 1907250545, 1, 1907252032, 0, 1907260544, 1, 1907262030, 0, 1907270544, 1, 
1907272027, 0, 1907280544, 1, 1907282025, 0, 1907290543, 1, 1907292022, 0, 1907300543, 1, 1907302020, 0, 1907310542, 1, 
1907312018, 0, 1908010542, 1, 1908062003, 0, 1908070539, 1, 1908072000, 0, 1908080539, 1, 1908081958, 0, 1908090538, 1, 
1908091955, 0, 1908100538, 1, 1908101953, 0, 1908110538, 1, 1908111950, 0, 1908120537, 1, 1908121948, 0, 1908130537, 1, 
1908131945, 0, 1908140536, 1, 1908141942, 0, 1908150536, 1, 1908151940, 0, 1908160536, 1, 1908161937, 0, 1908170535, 1, 
1908171935, 0, 1908180535, 1, 1908181932, 0, 1908190534, 1, 1908191930, 0, 1908200534, 1, 1908201927, 0, 1908210533, 1, 
1908211924, 0, 1908220533, 1, 1908221922, 0, 1908230532, 1, 1908231919, 0, 1908240532, 1, 1908241916, 0, 1908250532, 1, 
1908251914, 0, 1908260531, 1, 1908261911, 0, 1908270531, 1, 1908271909, 0, 1908280530, 1, 1908281906, 0, 1908290530, 1, 
1908291903, 0, 1908300529, 1, 1908301901, 0, 1908310529, 1, 1908311858, 0, 1909010529, 1, 1909011855, 0, 1909020528, 1, 
1909021853, 0, 1909030528, 1, 1909031850, 0, 1909040527, 1, 1909041847, 0, 1909050527, 1, 1909051845, 0, 1909060526, 1, 
1909061842, 0, 1909070526, 1, 1909071839, 0, 1909080525, 1, 1909081837, 0, 1909090525, 1, 1909091834, 0, 1909100525, 1, 
1909101831, 0, 1909110524, 1, 1909111828, 0, 1909120524, 1, 1909121826, 0, 1909130523, 1, 1909131823, 0, 1909140523, 1, 
1909141820, 0, 1909150522, 1, 1909151818, 0, 1909160522, 1, 1909161815, 0, 1909170521, 1, 1909171812, 0, 1909180521, 1, 
1909181809, 0, 1909190520, 1, 1909191807, 0, 1909200520, 1, 1909201804, 0, 1909210520, 1, 1909211801, 0, 1909220519, 1, 
1909221759, 0, 1909230519, 1, 1909231756, 0, 1909240518, 1, 1909241753, 0, 1909250518, 1, 1909251750, 0, 1909260517, 1, 
1909261748, 0, 1909270517, 1, 1909271745, 0, 1909280516, 1, 1909281742, 0, 1909290516, 1, 1909291740, 0, 1909300515, 1, 
1909301737, 0, 1910010515, 1, 1910011734, 0, 1910020515, 1, 1910021731, 0, 1910030514, 1, 1910031729, 0, 1910040514, 1, 
1910041726, 0, 1910050513, 1, 1910051723, 0