204280305, 0, 204281319, 1, 204290300, 0, 204291316, 1, 206010106, 0, 
206011203, 1, 206020102, 0, 206021202, 1, 206030059, 0, 206031200, 1, 
206040056, 0, 206041159, 1, 206050053, 0, 206051157, 1, 206060049, 0, 
206061155, 1, 206070046, 0, 206071154, 1, 206080043, 0, 206081152, 1, 
206090040, 0, 206091151, 1, 206100036, 0, 206101149, 1, 206110033, 0, 
206111148, 1, 206120030, 0, 206121147, 1, 206130027, 0, 206131145, 1, 
206140024, 0, 206141144, 1, 206150021, 0, 206151142, 1, 206160017, 0, 
206161141, 1, 206170014, 0, 206171140, 1, 206180011, 0, 206181138, 1, 
206190008, 0, 206191137, 1, 206200005, 0, 206201136, 1, 206210002, 0, 
206211135, 1, 206212359, 0, 206221133, 1, 206222355, 0, 206231132, 1, 
206232352, 0, 206241131, 1, 206242349, 0, 206251130, 1, 206252346, 0, 
206261129, 1, 206262343, 0, 206271127, 1, 206272340, 0, 206281126, 1, 
206282337, 0, 206291125, 1, 206292334, 0, 206301124, 1, 206302331, 0, 
207011123, 1, 207012328, 0, 207021122, 1, 207022325, 0, 207031121, 1, 
207032322, 0, 207041120, 1, 207042319, 0, 207051119, 1, 207052316, 0, 
207061118, 1, 207062313, 0, 207071117, 1, 207072310, 0, 207081116, 1, 
207082307, 0, 207091115, 1, 207092304, 0, 207101114, 1, 207102301, 0, 
207111113, 1, 207112258, 0, 207121112, 1, 207122255, 0, 207131111, 1, 
207132252, 0, 207141110, 1, 207142249, 0, 207151109, 1, 207152246, 0, 
207161109, 1, 207162243, 0, 207171108, 1, 207172240, 0, 207181107, 1, 
207182237, 0, 207191106, 1, 207192234, 0, 207201105, 1, 207202231, 0, 
207211104, 1, 207212228, 0, 207221104, 1, 207222225, 0, 207231103, 1, 
207232223, 0, 207241102, 1, 207242220, 0, 207251101, 1, 207252217, 0, 
207261101, 1, 207262214, 0, 207271100, 1, 207272211, 0, 207281059, 1, 
207282208, 0, 207291058, 1, 207292205, 0, 207301058, 1, 207302203, 0, 
207311057, 1, 207312200, 0, 208011056, 1, 208012157, 0, 208021056, 1, 
208022154, 0, 208031055, 1, 208032151, 0, 208041054, 1, 208042148, 0, 
208051054, 1, 208052146, 0, 208061053, 1, 208062143, 0, 208071053, 1, 
208072140, 0, 208081052, 1, 208082137, 0, 208091052, 1, 208092135, 0, 
208101051, 1, 208102132, 0, 208111050, 1, 208112129, 0, 208121050, 1, 
208122126, 0, 208131049, 1, 208132124, 0, 208141049, 1, 208142121, 0, 
208151048, 1, 208152118, 0, 208161048, 1, 208162115, 0, 208171047, 1, 
208172113, 0, 208181047, 1, 208182110, 0, 208191046, 1, 208192107, 0, 
208201046, 1, 208202105, 0, 208211046, 1, 208212102, 0, 208221045, 1, 
208222059, 0, 208231045, 1, 208232057, 0, 208241044, 1, 208242054, 0, 
208251044, 1, 208252052, 0, 208261044, 1, 208262049, 0, 208271043, 1, 
208272046, 0, 208281043, 1, 208282044, 0, 208291043, 1, 208292041, 0, 
208301042, 1, 208302039, 0, 208311042, 1, 208312036, 0, 209011042, 1, 
209012034, 0, 209021041, 1, 209022031, 0, 209031041, 1, 209032029, 0, 
209041041, 1, 209042026, 0, 209051040, 1, 209052024, 0, 209061040, 1, 
209062021, 0, 209071040, 1, 209072019, 0, 209081040, 1, 209082017, 0, 
209091039, 1, 209092014, 0, 209101039, 1, 209102012, 0, 209111039, 1, 
209112009, 0, 209121039, 1, 209122007, 0, 209131038, 1, 209132005, 0, 
209141038, 1, 209142002, 0, 209151038, 1, 209152000, 0, 209161038, 1, 
209161958, 0, 209171038, 1, 209171956, 0, 209181038, 1, 209181953, 0, 
209191037, 1, 209191951, 0, 209201037, 1, 209201949, 0, 209211037, 1, 
209211947, 0, 209221037, 1, 209221944, 0, 209231037, 1, 209231942, 0, 
209241037, 1, 209241940, 0, 209251036, 1, 209251938, 0, 209261036, 1, 
209261936, 0, 209271036, 1, 209271934, 0, 209281036, 1, 209281932, 0, 
209291036, 1, 209291930, 0, 209301036, 1, 209301928, 0, 210011036, 1, 
210011926, 0, 210021036, 1, 210021924, 0, 210031035, 1, 210031922, 0, 
210041035, 1, 210041920, 0, 210051035, 1, 210051918, 0, 210061035, 1, 
210061916, 0, 210071035, 1, 210071914, 0, 210081035, 1, 210081912, 0, 
210091035, 1, 210091911, 0, 210101035, 1, 210101909, 0, 210111035, 1, 
210111907, 0, 210121034, 1, 210121905, 0, 210131034, 1, 210131904, 0, 
210141034, 1, 210141902, 0, 210151034, 1, 210151900, 0, 210161034, 1, 
210161859, 0, 210171034, 1, 210171857, 0, 210181034, 1, 210181856, 0, 
210191033, 1, 210191854, 0, 210201033, 1, 210201853, 0, 210211033, 1, 
210211851, 0, 210221033, 1, 210221850, 0, 210231033, 1, 210231848, 0, 
210241033, 1, 210241847, 0, 210251032, 1, 210251845, 0, 210261032, 1, 
210261844, 0, 210271032, 1, 210271843, 0, 210281032, 1, 210281842, 0, 
210291031, 1, 210291840, 0, 210301031, 1, 210301839, 0, 210311031, 1, 
210311838, 0, 211011031, 1, 211011837, 0, 211021030, 1, 211021836, 0, 
211031030, 1, 211031835, 0, 211041030, 1, 211041834, 0, 211051029, 1, 
211051833, 0, 211061029, 1, 211061832, 0, 211071028, 1, 211071831, 0, 
211081028, 1, 211081830, 0, 211091028, 1, 211091829, 0, 211101027, 1, 
211101828, 0, 211111027, 1, 211111827, 0, 211121026, 1, 211121826, 0, 
211131026, 1, 211131826, 0, 211141025, 1, 211141825, 0, 211151024, 1, 
211151824, 0, 211161024, 1, 211161823, 0, 211171023, 1, 211171823, 0, 
211181023, 1, 211181822, 0, 211191022, 1, 211191822, 0, 211201021, 1, 
211201821, 0, 211211021, 1, 211211821, 0, 211221020, 1, 211221820, 0, 
211231019, 1, 211231820, 0, 211241018, 1, 211241819, 0, 211251018, 1, 
211251819, 0, 211261017, 1, 211261819, 0, 211271016, 1, 211271818, 0, 
211281015, 1, 211281818, 0, 211291014, 1, 211291818, 0, 211301013, 1, 
211301817, 0, 212011012, 1, 212011817, 0, 212021011, 1, 212021817, 0, 
212031010, 1, 212031817, 0, 212041009, 1, 212041817, 0, 212051008, 1, 
212051817, 0, 212061007, 1, 212061817, 0, 212071006, 1, 212071816, 0, 
212081005, 1, 212081816, 0, 212091004, 1, 212091816, 0, 212101002, 1, 
212101816, 0, 212111001, 1, 212111816, 0, 212121000, 1, 212121817, 0, 
212130959, 1, 212131817, 0, 212140957, 1, 212141817, 0, 212150956, 1, 
212151817, 0, 212160955, 1, 212161817, 0, 212170953, 1, 212171817, 0, 
212180952, 1, 212181817, 0, 212190951, 1, 212191817, 0, 212200949, 1, 
212201818, 0, 212210948, 1, 212211818, 0, 212220946, 1, 212221818, 0, 
212230945, 1, 212231818, 0, 212240943, 1, 212241819, 0, 212250941, 1, 
212251819, 0, 212260940, 1, 212261819, 0, 212270938, 1, 212271819, 0, 
212280937, 1, 212281820, 0, 212290935, 1, 212291820, 0, 212300933, 1, 
212301820, 0, 212310931, 1, 212311821, 0, 301010930, 1, 301011821, 0, 
301020928, 1, 301021821, 0, 301030926, 1, 301031822, 0, 301040924, 1, 
301041822, 0, 301050923, 1, 301051823, 0, 301060921, 1, 301061823, 0, 
301070919, 1, 301071823, 0, 301080917, 1, 301081824, 0, 301090915, 1, 
301091824, 0, 301100913, 1, 301101825, 0, 301110911, 1, 301111825, 0, 
301120909, 1, 301121825, 0, 301130907, 1, 301131827, 0, 301140905, 1, 
301141826, 0, 301150903, 1, 301151827, 0, 301160901, 1, 301161827, 0, 
301170859, 1, 301171828, 0, 301180857, 1, 301181828, 0, 301190855, 1, 
301191828, 0, 301200853, 1, 301201829, 0, 301210851, 1, 301211829, 0, 
301220849, 1, 301221830, 0, 301230847, 1, 301231830, 0, 301240844, 1, 
301241831, 0, 301250842, 1, 301251831, 0, 301260840, 1, 301261832, 0, 
301270838, 1, 301271832, 0, 301280836, 1, 301281832, 0, 301290833, 1, 
301291833, 0, 301300831, 1, 301301833, 0, 301310829, 1, 301311834, 0, 
302010827, 1, 302011834, 0, 302020825, 1, 302021834, 0, 302030822, 1, 
302031835, 0, 302040820, 1, 302041835, 0, 302050818, 1, 302051836, 0, 
302060815, 1, 302061836, 0, 302070813, 1, 302071837, 0, 302080811, 1, 
302081837, 0, 302090808, 1, 302091837, 0, 302100806, 1, 302101838, 0, 
302110804, 1, 302111838, 0, 302120801, 1, 302121839, 0, 302130759, 1, 
302131839, 0, 302140757, 1, 302141839, 0, 302150754, 1, 302151840, 0, 
302160752, 1, 302161840, 0, 302170749, 1, 302171840, 0, 302180747, 1, 
302181841, 0, 302190745, 1, 302191841, 0, 302200742, 1, 302201842, 0, 
302210740, 1, 302211842, 0, 302220737, 1, 302221842, 0, 302230735, 1, 
302231843, 0, 302240732, 1, 302241843, 0, 302250730, 1, 302251843, 0, 
302260728, 1, 302261844, 0, 302270725, 1, 302271844, 0, 302280723, 1, 
302281844, 0, 303010720, 1, 303011845, 0, 303020718, 1, 303021845, 0, 
303030715, 1, 303031845, 0, 303040713, 1, 303041846, 0, 303050710, 1, 
303051846, 0, 303060708, 1, 303061846, 0, 303070705, 1, 303071846, 0, 
303080703, 1, 303081847, 0, 303090700, 1, 303091847, 0, 303100658, 1, 
303101847, 0, 303110655, 1, 303111848, 0, 303120653, 1, 303121848, 0, 
303130650, 1, 303131848, 0, 303140648, 1, 303141849, 0, 303150645, 1, 
303151849, 0, 303160643, 1, 303161849, 0, 303170640, 1, 303171849, 0, 
303180638, 1, 303181850, 0, 303190635, 1, 303191850, 0, 303200633, 1, 
303201850, 0, 303210631, 1, 303211850, 0, 303220628, 1, 303221851, 0, 
303230626, 1, 303231851, 0, 303240623, 1, 303241851, 0, 303250621, 1, 
303251851, 0, 303260618, 1, 303261852, 0, 303270616, 1, 303271852, 0, 
303280613, 1, 303281852, 0, 303290611, 1, 303291852, 0, 303300608, 1, 
303301853, 0, 303310606, 1, 303311853, 0, 304010603, 1, 304011853, 0, 
304020601, 1, 304021853, 0, 304030558, 1, 304031854, 0, 304040556, 1, 
304041854, 0, 304050553, 1, 304051854, 0, 304060551, 1, 304061854, 0, 
304070548, 1, 304071854, 0, 304080546, 1, 304081855, 0, 304090544, 1, 
304091855, 0, 304100541, 1, 304101855, 0, 304110539, 1, 304111855, 0, 
304120536, 1, 304121855, 0, 304130534, 1, 304131856, 0, 304140532, 1, 
304141856, 0, 304150529, 1, 304151856, 0, 304160527, 1, 304161856, 0, 
304170524, 1, 304171856, 0, 304180522, 1, 304181857, 0, 304190520, 1, 
304191857, 0, 304200517, 1, 304201857, 0, 304210515, 1, 304211857, 0, 
304220513, 1, 304221857, 0, 304230510, 1, 304231857, 0, 304240508, 1, 
304241858, 0, 304250505, 1, 304251858, 0, 304260503, 1, 304261858, 0, 
304270501, 1, 304271858, 0, 304280459, 1, 304281858, 0, 304290456, 1, 
304291858, 0, 304300454, 1, 304301859, 0, 305010452, 1, 305011859, 0, 
305020449, 1, 305021859, 0, 305030447, 1, 305031859, 0, 305040445, 1, 
305041859, 0, 305050443, 1, 305051859, 0, 305060441, 1, 305061859, 0, 
305070438, 1, 305071859, 0, 305080436, 1, 305081900, 0, 305090434, 1, 
305091900, 0, 305100432, 1, 305101900, 0, 305110430, 1, 305111900, 0, 
305120427, 1, 305121900, 0, 305130425, 1, 305131900, 0, 305140423, 1, 
305141900, 0, 305150421, 1, 305151900, 0, 305160419, 1, 305161900, 0, 
305170417, 1, 305171900, 0, 305180415, 1, 305181900, 0, 305190413, 1, 
305191900, 0, 305200411, 1, 305201900, 0, 305210409, 1, 305211900, 0, 
305220407, 1, 305221900, 0, 305230405, 1, 305231900, 0, 305240403, 1, 
305241900, 0, 305250401, 1, 305251900, 0, 305260359, 1, 305261900, 0, 
305270357, 1, 305271900, 0, 305280355, 1, 305281900, 0, 305290353, 1, 
305291900, 0, 305300351, 1, 305301900, 0, 305310349, 1, 305311900, 0, 
306010348, 1, 306011900, 0, 306020346, 1, 306021900, 0, 306030344, 1, 
306031859, 0, 306040342, 1, 306041859, 0, 306050340, 1, 306051859, 0, 
306060339, 1, 306061859, 0, 306070337, 1, 306071859, 0, 306080335, 1, 
306081859, 0, 306090333, 1, 306091858, 0, 306100332, 1, 306101858, 0, 
306110330, 1, 306111858, 0, 306120329, 1, 306121858, 0, 306130327, 1, 
306131857, 0, 306140325, 1, 306141857, 0, 306150324, 1, 306151857, 0, 
306160322, 1, 306161856, 0, 306170321, 1, 306171856, 0, 306180319, 1, 
306181856, 0, 306190318, 1, 306191855, 0, 306200316, 1, 306201855, 0, 
306210315, 1, 306211854, 0, 306220313, 1, 306221854, 0, 306230312, 1, 
306231853, 0, 306240310, 1, 306241853, 0, 306250309, 1, 306251852, 0, 
306260307, 1, 306261852, 0, 306270306, 1, 306271851, 0, 306280305, 1, 
306281851, 0, 306290303, 1, 306291850, 0, 306300302, 1, 306301850, 0, 
307010301, 1, 307011849, 0, 307020300, 1, 307021848, 0, 307030258, 1, 
307031848, 0, 307040257, 1, 307041847, 0, 307050256, 1, 307051846, 0, 
307060255, 1, 307061845, 0, 307070254, 1, 307071845, 0, 307080253, 1, 
307081844, 0, 307090251, 1, 307091843, 0, 307100250, 1, 307101842, 0, 
307110249, 1, 307111841, 0, 307120248, 1, 307121840, 0, 307130247, 1, 
307131839, 0, 307140246, 1, 307141839, 0, 307150245, 1, 307151838, 0, 
307160244, 1, 307161837, 0, 307170243, 1, 307171836, 0, 307180242, 1, 
307181835, 0, 307190241, 1, 307191833, 0, 307200240, 1, 307201832, 0, 
307210239, 1, 307211831, 0, 307220238, 1, 307221830, 0, 307230238, 1, 
307231829, 0, 307240237, 1, 307241828, 0, 307250236, 1, 307251827, 0, 
307260235, 1, 307261825, 0, 307270234, 1, 307271824, 0, 307280233, 1, 
307281823, 0, 307290233, 1, 307291821, 0, 307300232, 1, 307301820, 0, 
307310231, 1, 307311819, 0, 308010230, 1, 308011817, 0, 308020230, 1, 
308021816, 0, 308030229, 1, 308031815, 0, 308040228, 1, 308041813, 0, 
308050227, 1, 308051812, 0, 308060227, 1, 308061810, 0, 308070226, 1, 
308071809, 0, 308080225, 1, 308081807, 0, 308090225, 1, 308091805, 0, 
308100224, 1, 308101804, 0, 308110223, 1, 308111802, 0, 308120223, 1, 
308121801, 0, 308130222, 1, 308131759, 0, 308140221, 1, 308141757, 0, 
308150221, 1, 308151756, 0, 308160220, 1, 308161754, 0, 308170220, 1, 
308171752, 0, 308180219, 1, 308181750, 0, 308190218, 1, 308191749, 0, 
308200218, 1, 308201747, 0, 308210217, 1, 308211745, 0, 308220217, 1, 
308221743, 0, 308230216, 1, 308231741, 0, 308240216, 1, 308241739, 0, 
308250215, 1, 308251737, 0, 308260215, 1, 308261736, 0, 308270214, 1, 
308271734, 0, 308280213, 1, 308281732, 0, 308290213, 1, 308291730, 0, 
308300212, 1, 308301728, 0, 308310212, 1, 308311726, 0, 309010211, 1, 
309011724, 0, 309020211, 1, 309021722, 0, 309030210, 1, 309031719, 0, 
309040210, 1, 309041717, 0, 309050209, 1, 309051715, 0, 309060209, 1, 
309061713, 0, 309070208, 1, 309071711, 0, 309080208, 1, 309081709, 0, 
309090207, 1, 309091707, 0, 309100207, 1, 309101704, 0, 309110206, 1, 
309111702, 0, 309120205, 1, 309121700, 0, 309130205, 1, 309131658, 0, 
309140204, 1, 309141656, 0, 309150204, 1, 309151653, 0, 309160203, 1, 
309161651, 0, 309170203, 1, 309171649, 0, 309180202, 1, 309181646, 0, 
309190202, 1, 309191644, 0, 309200201, 1, 309201642, 0, 309210201, 1, 
309211639, 0, 309220200, 1, 309221637, 0, 309230200, 1, 309231635, 0, 
309240159, 1, 309241632, 0, 309250158, 1, 309251630, 0, 309260158, 1, 
309261628, 0, 309270157, 1, 309271625, 0, 309280157, 1, 309281623, 0, 
309290156, 1, 309291620, 0, 309300156, 1, 309301618, 0, 310010155, 1, 
310011615, 0, 310020154, 1, 310021613, 0, 310030154, 1, 310031610, 0, 
310040153, 1, 310041608, 0, 310050153, 1, 310051605, 0, 310060152, 1, 
310061603, 0, 310070151, 1, 310071600, 0, 310080151, 1, 310081558, 0, 
310090150, 1, 310091555, 0, 310100149, 1, 310101553, 0, 310110149, 1, 
310111550, 0, 310120148, 1, 310121548, 0, 310130147, 1, 310131545, 0, 
310140147, 1, 310141542, 0, 310150146, 1, 310151540, 0, 310160145, 1, 
310161537, 0, 310170145, 1, 310171535, 0, 310180144, 1, 310181532, 0, 
310190143, 1, 310191529, 0, 310200143, 1, 310201527, 0, 310210142, 1, 
310211524, 0, 310220141, 1, 310221521, 0, 310230141, 1, 310231519, 0, 
310240140, 1, 310241516, 0, 310250139, 1, 310251513, 0, 310260138, 1, 
310261511, 0, 310270138, 1, 310271508, 0, 310280137, 1, 310281505, 0, 
310290136, 1, 310291503, 0, 310300135, 1, 310301500, 0, 310310134, 1, 
310311457, 0, 311010134, 1, 311011455, 0, 311020133, 1, 311021452, 0, 
311030132, 1, 311031449, 0, 311040131, 1, 311041446, 0, 311050130, 1, 
311051444, 0, 311060130, 1, 311061441, 0, 311070129, 1, 311071438, 0, 
311080128, 1, 311081435, 0, 311090127, 1, 311091433, 0, 311100126, 1, 
311101430, 0, 311110125, 1, 311111427, 0, 311120124, 1, 311121424, 0, 
311130123, 1, 311131422, 0, 311140122, 1, 311141419, 0, 311150122, 1, 
311151416, 0, 311160121, 1, 311161413, 0, 311170120, 1, 311171410, 0, 
311180119, 1, 311181408, 0, 311190118, 1, 311191405, 0, 311200117, 1, 
311201402, 0, 311210116, 1, 311211359, 0, 311220115, 1, 311221356, 0, 
311230114, 1, 311231353, 0, 311240113, 1, 311241351, 0, 311250112, 1, 
311251348, 0, 311260111, 1, 311261345, 0, 311270110, 1, 311271342, 0, 
311280109, 1, 311281339, 0, 311290108, 1, 311291336, 0, 311300107, 1, 
311301334, 0, 312010105, 1, 312011331, 0, 312020104, 1, 312021328, 0, 
312030103, 1, 312031325, 0, 312040102, 1, 312041322, 0, 312050101, 1, 
312051319, 0, 312060100, 1, 312061316, 0, 312070059, 1, 312071313, 0, 
312080057, 1, 312081311, 0, 312090056, 1, 312091308, 0, 312100055, 1, 
312101305, 0, 312110054, 1, 312111302, 0, 312120053, 1, 312121259, 0, 
312130051, 1, 312131256, 0, 312140050, 1, 312141253, 0, 312150049, 1, 
312151250, 0, 312160048, 1, 312161247, 0, 312170046, 1, 312171244, 0, 
312180045, 1, 312181241, 0, 312190044, 1, 312191238, 0, 312200042, 1, 
312201235, 0, 312210041, 1, 312211233, 0, 312220039, 1, 312221230, 0, 
312230038, 1, 312231227, 0, 312240037, 1, 312241224, 0, 312250035, 1, 
312251221, 0, 312260034, 1, 312261218, 0, 312270032, 1, 312271215, 0, 
312280031, 1, 312281212, 0, 312290029, 1, 312291209, 0, 312300028, 1, 
312301206, 0, 312310026, 1, 312311203, 0






















1204280305, 0, 1204281319, 1, 1204290300, 0, 1204291316, 1, 1206010106, 0, 
1206011203, 1, 1206020102, 0, 1206021202, 1, 1206030059, 0, 1206031200, 1, 
1206040056, 0, 1206041159, 1, 1206050053, 0, 1206051157, 1, 1206060049, 0, 
1206061155, 1, 1206070046, 0, 1206071154, 1, 1206080043, 0, 1206081152, 1, 
1206090040, 0, 1206091151, 1, 1206100036, 0, 1206101149, 1, 1206110033, 0, 
1206111148, 1, 1206120030, 0, 1206121147, 1, 1206130027, 0, 1206131145, 1, 
1206140024, 0, 1206141144, 1, 1206150021, 0, 1206151142, 1, 1206160017, 0, 
1206161141, 1, 1206170014, 0, 1206171140, 1, 1206180011, 0, 1206181138, 1, 
1206190008, 0, 1206191137, 1, 1206200005, 0, 1206201136, 1, 1206210002, 0, 
1206211135, 1, 1206212359, 0, 1206221133, 1, 1206222355, 0, 1206231132, 1, 
1206232352, 0, 1206241131, 1, 1206242349, 0, 1206251130, 1, 1206252346, 0, 
1206261129, 1, 1206262343, 0, 1206271127, 1, 1206272340, 0, 1206281126, 1, 
1206282337, 0, 1206291125, 1, 1206292334, 0, 1206301124, 1, 1206302331, 0, 
1207011123, 1, 1207012328, 0, 1207021122, 1, 1207022325, 0, 1207031121, 1, 
1207032322, 0, 1207041120, 1, 1207042319, 0, 1207051119, 1, 1207052316, 0, 
1207061118, 1, 1207062313, 0, 1207071117, 1, 1207072310, 0, 1207081116, 1, 
1207082307, 0, 1207091115, 1, 1207092304, 0, 1207101114, 1, 1207102301, 0, 
1207111113, 1, 1207112258, 0, 1207121112, 1, 1207122255, 0, 1207131111, 1, 
1207132252, 0, 1207141110, 1, 1207142249, 0, 1207151109, 1, 1207152246, 0, 
1207161109, 1, 1207162243, 0, 1207171108, 1, 1207172240, 0, 1207181107, 1, 
1207182237, 0, 1207191106, 1, 1207192234, 0, 1207201105, 1, 1207202231, 0, 
1207211104, 1, 1207212228, 0, 1207221104, 1, 1207222225, 0, 1207231103, 1, 
1207232223, 0, 1207241102, 1, 1207242220, 0, 1207251101, 1, 1207252217, 0, 
1207261101, 1, 1207262214, 0, 1207271100, 1, 1207272211, 0, 1207281059, 1, 
1207282208, 0, 1207291058, 1, 1207292205, 0, 1207301058, 1, 1207302203, 0, 
1207311057, 1, 1207312200, 0, 1208011056, 1, 1208012157, 0, 1208021056, 1, 
1208022154, 0, 1208031055, 1, 1208032151, 0, 1208041054, 1, 1208042148, 0, 
1208051054, 1, 1208052146, 0, 1208061053, 1, 1208062143, 0, 1208071053, 1, 
1208072140, 0, 1208081052, 1, 1208082137, 0, 1208091052, 1, 1208092135, 0, 
1208101051, 1, 1208102132, 0, 1208111050, 1, 1208112129, 0, 1208121050, 1, 
1208122126, 0, 1208131049, 1, 1208132124, 0, 1208141049, 1, 1208142121, 0, 
1208151048, 1, 1208152118, 0, 1208161048, 1, 1208162115, 0, 1208171047, 1, 
1208172113, 0, 1208181047, 1, 1208182110, 0, 1208191046, 1, 1208192107, 0, 
1208201046, 1, 1208202105, 0, 1208211046, 1, 1208212102, 0, 1208221045, 1, 
1208222059, 0, 1208231045, 1, 1208232057, 0, 1208241044, 1, 1208242054, 0, 
1208251044, 1, 1208252052, 0, 1208261044, 1, 1208262049, 0, 1208271043, 1, 
1208272046, 0, 1208281043, 1, 1208282044, 0, 1208291043, 1, 1208292041, 0, 
1208301042, 1, 1208302039, 0, 1208311042, 1, 1208312036, 0, 1209011042, 1, 
1209012034, 0, 1209021041, 1, 1209022031, 0, 1209031041, 1, 1209032029, 0, 
1209041041, 1, 1209042026, 0, 1209051040, 1, 1209052024, 0, 1209061040, 1, 
1209062021, 0, 1209071040, 1, 1209072019, 0, 1209081040, 1, 1209082017, 0, 
1209091039, 1, 1209092014, 0, 1209101039, 1, 1209102012, 0, 1209111039, 1, 
1209112009, 0, 1209121039, 1, 1209122007, 0, 1209131038, 1, 1209132005, 0, 
1209141038, 1, 1209142002, 0, 1209151038, 1, 1209152000, 0, 1209161038, 1, 
1209161958, 0, 1209171038, 1, 1209171956, 0, 1209181038, 1, 1209181953, 0, 
1209191037, 1, 1209191951, 0, 1209201037, 1, 1209201949, 0, 1209211037, 1, 
1209211947, 0, 1209221037, 1, 1209221944, 0, 1209231037, 1, 1209231942, 0, 
1209241037, 1, 1209241940, 0, 1209251036, 1, 1209251938, 0, 1209261036, 1, 
1209261936, 0, 1209271036, 1, 1209271934, 0, 1209281036, 1, 1209281932, 0, 
1209291036, 1, 1209291930, 0, 1209301036, 1, 1209301928, 0, 1210011036, 1, 
1210011926, 0, 1210021036, 1, 1210021924, 0, 1210031035, 1, 1210031922, 0, 
1210041035, 1, 1210041920, 0, 1210051035, 1, 1210051918, 0, 1210061035, 1, 
1210061916, 0, 1210071035, 1, 1210071914, 0, 1210081035, 1, 1210081912, 0, 
1210091035, 1, 1210091911, 0, 1210101035, 1, 1210101909, 0, 1210111035, 1, 
1210111907, 0, 1210121034, 1, 1210121905, 0, 1210131034, 1, 1210131904, 0, 
1210141034, 1, 1210141902, 0, 1210151034, 1, 1210151900, 0, 1210161034, 1, 
1210161859, 0, 1210171034, 1, 1210171857, 0, 1210181034, 1, 1210181856, 0, 
1210191033, 1, 1210191854, 0, 1210201033, 1, 1210201853, 0, 1210211033, 1, 
1210211851, 0, 1210221033, 1, 1210221850, 0, 1210231033, 1, 1210231848, 0, 
1210241033, 1, 1210241847, 0, 1210251032, 1, 1210251845, 0, 1210261032, 1, 
1210261844, 0, 1210271032, 1, 1210271843, 0, 1210281032, 1, 1210281842, 0, 
1210291031, 1, 1210291840, 0, 1210301031, 1, 1210301839, 0, 1210311031, 1, 
1210311838, 0, 1211011031, 1, 1211011837, 0, 1211021030, 1, 1211021836, 0, 
1211031030, 1, 1211031835, 0, 1211041030, 1, 1211041834, 0, 1211051029, 1, 
1211051833, 0, 1211061029, 1, 1211061832, 0, 1211071028, 1, 1211071831, 0, 
1211081028, 1, 1211081830, 0, 1211091028, 1, 1211091829, 0, 1211101027, 1, 
1211101828, 0, 1211111027, 1, 1211111827, 0, 1211121026, 1, 1211121826, 0, 
1211131026, 1, 1211131826, 0, 1211141025, 1, 1211141825, 0, 1211151024, 1, 
1211151824, 0, 1211161024, 1, 1211161823, 0, 1211171023, 1, 1211171823, 0, 
1211181023, 1, 1211181822, 0, 1211191022, 1, 1211191822, 0, 1211201021, 1, 
1211201821, 0, 1211211021, 1, 1211211821, 0, 1211221020, 1, 1211221820, 0, 
1211231019, 1, 1211231820, 0, 1211241018, 1, 1211241819, 0, 1211251018, 1, 
1211251819, 0, 1211261017, 1, 1211261819, 0, 1211271016, 1, 1211271818, 0, 
1211281015, 1, 1211281818, 0, 1211291014, 1, 1211291818, 0, 1211301013, 1, 
1211301817, 0, 1212011012, 1, 1212011817, 0, 1212021011, 1, 1212021817, 0, 
1212031010, 1, 1212031817, 0, 1212041009, 1, 1212041817, 0, 1212051008, 1, 
1212051817, 0, 1212061007, 1, 1212061817, 0, 1212071006, 1, 1212071816, 0, 
1212081005, 1, 1212081816, 0, 1212091004, 1, 1212091816, 0, 1212101002, 1, 
1212101816, 0, 1212111001, 1, 1212111816, 0, 1212121000, 1, 1212121817, 0, 
1212130959, 1, 1212131817, 0, 1212140957, 1, 1212141817, 0, 1212150956, 1, 
1212151817, 0, 1212160955, 1, 1212161817, 0, 1212170953, 1, 1212171817, 0, 
1212180952, 1, 1212181817, 0, 1212190951, 1, 1212191817, 0, 1212200949, 1, 
1212201818, 0, 1212210948, 1, 1212211818, 0, 1212220946, 1, 1212221818, 0, 
1212230945, 1, 1212231818, 0, 1212240943, 1, 1212241819, 0, 1212250941, 1, 
1212251819, 0, 1212260940, 1, 1212261819, 0, 1212270938, 1, 1212271819, 0, 
1212280937, 1, 1212281820, 0, 1212290935, 1, 1212291820, 0, 1212300933, 1, 
1212301820, 0, 1212310931, 1, 1212311821, 0, 1301010930, 1, 1301011821, 0, 
1301020928, 1, 1301021821, 0, 1301030926, 1, 1301031822, 0, 1301040924, 1, 
1301041822, 0, 1301050923, 1, 1301051823, 0, 1301060921, 1, 1301061823, 0, 
1301070919, 1, 1301071823, 0, 1301080917, 1, 1301081824, 0, 1301090915, 1, 
1301091824, 0, 1301100913, 1, 1301101825, 0, 1301110911, 1, 1301111825, 0, 
1301120909, 1, 1301121825, 0, 1301130907, 1, 1301131827, 0, 1301140905, 1, 
1301141826, 0, 1301150903, 1, 1301151827, 0, 1301160901, 1, 1301161827, 0, 
1301170859, 1, 1301171828, 0, 1301180857, 1, 1301181828, 0, 1301190855, 1, 
1301191828, 0, 1301200853, 1, 1301201829, 0, 1301210851, 1, 1301211829, 0, 
1301220849, 1, 1301221830, 0, 1301230847, 1, 1301231830, 0, 1301240844, 1, 
1301241831, 0, 1301250842, 1, 1301251831, 0, 1301260840, 1, 1301261832, 0, 
1301270838, 1, 1301271832, 0, 1301280836, 1, 1301281832, 0, 1301290833, 1, 
1301291833, 0, 1301300831, 1, 1301301833, 0, 1301310829, 1, 1301311834, 0, 
1302010827, 1, 1302011834, 0, 1302020825, 1, 1302021834, 0, 1302030822, 1, 
1302031835, 0, 1302040820, 1, 1302041835, 0, 1302050818, 1, 1302051836, 0, 
1302060815, 1, 1302061836, 0, 1302070813, 1, 1302071837, 0, 1302080811, 1, 
1302081837, 0, 1302090808, 1, 1302091837, 0, 1302100806, 1, 1302101838, 0, 
1302110804, 1, 1302111838, 0, 1302120801, 1, 1302121839, 0, 1302130759, 1, 
1302131839, 0, 1302140757, 1, 1302141839, 0, 1302150754, 1, 1302151840, 0, 
1302160752, 1, 1302161840, 0, 1302170749, 1, 1302171840, 0, 1302180747, 1, 
1302181841, 0, 1302190745, 1, 1302191841, 0, 1302200742, 1, 1302201842, 0, 
1302210740, 1, 1302211842, 0, 1302220737, 1, 1302221842, 0, 1302230735, 1, 
1302231843, 0, 1302240732, 1, 1302241843, 0, 1302250730, 1, 1302251843, 0, 
1302260728, 1, 1302261844, 0, 1302270725, 1, 1302271844, 0, 1302280723, 1, 
1302281844, 0, 1303010720, 1, 1303011845, 0, 1303020718, 1, 1303021845, 0, 
1303030715, 1, 1303031845, 0, 1303040713, 1, 1303041846, 0, 1303050710, 1, 
1303051846, 0, 1303060708, 1, 1303061846, 0, 1303070705, 1, 1303071846, 0, 
1303080703, 1, 1303081847, 0, 1303090700, 1, 1303091847, 0, 1303100658, 1, 
1303101847, 0, 1303110655, 1, 1303111848, 0, 1303120653, 1, 1303121848, 0, 
1303130650, 1, 1303131848, 0, 1303140648, 1, 1303141849, 0, 1303150645, 1, 
1303151849, 0, 1303160643, 1, 1303161849, 0, 1303170640, 1, 1303171849, 0, 
1303180638, 1, 1303181850, 0, 1303190635, 1, 1303191850, 0, 1303200633, 1, 
1303201850, 0, 1303210631, 1, 1303211850, 0, 1303220628, 1, 1303221851, 0, 
1303230626, 1, 1303231851, 0, 1303240623, 1, 1303241851, 0, 1303250621, 1, 
1303251851, 0, 1303260618, 1, 1303261852, 0, 1303270616, 1, 1303271852, 0, 
1303280613, 1, 1303281852, 0, 1303290611, 1, 1303291852, 0, 1303300608, 1, 
1303301853, 0, 1303310606, 1, 1303311853, 0, 1304010603, 1, 1304011853, 0, 
1304020601, 1, 1304021853, 0, 1304030558, 1, 1304031854, 0, 1304040556, 1, 
1304041854, 0, 1304050553, 1, 1304051854, 0, 1304060551, 1, 1304061854, 0, 
1304070548, 1, 1304071854, 0, 1304080546, 1, 1304081855, 0, 1304090544, 1, 
1304091855, 0, 1304100541, 1, 1304101855, 0, 1304110539, 1, 1304111855, 0, 
1304120536, 1, 1304121855, 0, 1304130534, 1, 1304131856, 0, 1304140532, 1, 
1304141856, 0, 1304150529, 1, 1304151856, 0, 1304160527, 1, 1304161856, 0, 
1304170524, 1, 1304171856, 0, 1304180522, 1, 1304181857, 0, 1304190520, 1, 
1304191857, 0, 1304200517, 1, 1304201857, 0, 1304210515, 1, 1304211857, 0, 
1304220513, 1, 1304221857, 0, 1304230510, 1, 1304231857, 0, 1304240508, 1, 
1304241858, 0, 1304250505, 1, 1304251858, 0, 1304260503, 1, 1304261858, 0, 
1304270501, 1, 1304271858, 0, 1304280459, 1, 1304281858, 0, 1304290456, 1, 
1304291858, 0, 1304300454, 1, 1304301859, 0, 1305010452, 1, 1305011859, 0, 
1305020449, 1, 1305021859, 0, 1305030447, 1, 1305031859, 0, 1305040445, 1, 
1305041859, 0, 1305050443, 1, 1305051859, 0, 1305060441, 1, 1305061859, 0, 
1305070438, 1, 1305071859, 0, 1305080436, 1, 1305081900, 0, 1305090434, 1, 
1305091900, 0, 1305100432, 1, 1305101900, 0, 1305110430, 1, 1305111900, 0, 
1305120427, 1, 1305121900, 0, 1305130425, 1, 1305131900, 0, 1305140423, 1, 
1305141900, 0, 1305150421, 1, 1305151900, 0, 1305160419, 1, 1305161900, 0, 
1305170417, 1, 1305171900, 0, 1305180415, 1, 1305181900, 0, 1305190413, 1, 
1305191900, 0, 1305200411, 1, 1305201900, 0, 1305210409, 1, 1305211900, 0, 
1305220407, 1, 1305221900, 0, 1305230405, 1, 1305231900, 0, 1305240403, 1, 
1305241900, 0, 1305250401, 1, 1305251900, 0, 1305260359, 1, 1305261900, 0, 
1305270357, 1, 1305271900, 0, 1305280355, 1, 1305281900, 0, 1305290353, 1, 
1305291900, 0, 1305300351, 1, 1305301900, 0, 1305310349, 1, 1305311900, 0, 
1306010348, 1, 1306011900, 0, 1306020346, 1, 1306021900, 0, 1306030344, 1, 
1306031859, 0, 1306040342, 1, 1306041859, 0, 1306050340, 1, 1306051859, 0, 
1306060339, 1, 1306061859, 0, 1306070337, 1, 1306071859, 0, 1306080335, 1, 
1306081859, 0, 1306090333, 1, 1306091858, 0, 1306100332, 1, 1306101858, 0, 
1306110330, 1, 1306111858, 0, 1306120329, 1, 1306121858, 0, 1306130327, 1, 
1306131857, 0, 1306140325, 1, 1306141857, 0, 1306150324, 1, 1306151857, 0, 
1306160322, 1, 1306161856, 0, 1306170321, 1, 1306171856, 0, 1306180319, 1, 
1306181856, 0, 1306190318, 1, 1306191855, 0, 1306200316, 1, 1306201855, 0, 
1306210315, 1, 1306211854, 0, 1306220313, 1, 1306221854, 0, 1306230312, 1, 
1306231853, 0, 1306240310, 1, 1306241853, 0, 1306250309, 1, 1306251852, 0, 
1306260307, 1, 1306261852, 0, 1306270306, 1, 1306271851, 0, 1306280305, 1, 
1306281851, 0, 1306290303, 1, 1306291850, 0, 1306300302, 1, 1306301850, 0, 
1307010301, 1, 1307011849, 0, 1307020300, 1, 1307021848, 0, 1307030258, 1, 
1307031848, 0, 1307040257, 1, 1307041847, 0, 1307050256, 1, 1307051846, 0, 
1307060255, 1, 1307061845, 0, 1307070254, 1, 1307071845, 0, 1307080253, 1, 
1307081844, 0, 1307090251, 1, 1307091843, 0, 1307100250, 1, 1307101842, 0, 
1307110249, 1, 1307111841, 0, 1307120248, 1, 1307121840, 0, 1307130247, 1, 
1307131839, 0, 1307140246, 1, 1307141839, 0, 1307150245, 1, 1307151838, 0, 
1307160244, 1, 1307161837, 0, 1307170243, 1, 1307171836, 0, 1307180242, 1, 
1307181835, 0, 1307190241, 1, 1307191833, 0, 1307200240, 1, 1307201832, 0, 
1307210239, 1, 1307211831, 0, 1307220238, 1, 1307221830, 0, 1307230238, 1, 
1307231829, 0, 1307240237, 1, 1307241828, 0, 1307250236, 1, 1307251827, 0, 
1307260235, 1, 1307261825, 0, 1307270234, 1, 1307271824, 0, 1307280233, 1, 
1307281823, 0, 1307290233, 1, 1307291821, 0, 1307300232, 1, 1307301820, 0, 
1307310231, 1, 1307311819, 0, 1308010230, 1, 1308011817, 0, 1308020230, 1, 
1308021816, 0, 1308030229, 1, 1308031815, 0, 1308040228, 1, 1308041813, 0, 
1308050227, 1, 1308051812, 0, 1308060227, 1, 1308061810, 0, 1308070226, 1, 
1308071809, 0, 1308080225, 1, 1308081807, 0, 1308090225, 1, 1308091805, 0, 
1308100224, 1, 1308101804, 0, 1308110223, 1, 1308111802, 0, 1308120223, 1, 
1308121801, 0, 1308130222, 1, 1308131759, 0, 1308140221, 1, 1308141757, 0, 
1308150221, 1, 1308151756, 0, 1308160220, 1, 1308161754, 0, 1308170220, 1, 
1308171752, 0, 1308180219, 1, 1308181750, 0, 1308190218, 1, 1308191749, 0, 
1308200218, 1, 1308201747, 0, 1308210217, 1, 1308211745, 0, 1308220217, 1, 
1308221743, 0, 1308230216, 1, 1308231741, 0, 1308240216, 1, 1308241739, 0, 
1308250215, 1, 1308251737, 0, 1308260215, 1, 1308261736, 0, 1308270214, 1, 
1308271734, 0, 1308280213, 1, 1308281732, 0, 1308290213, 1, 1308291730, 0, 
1308300212, 1, 1308301728, 0, 1308310212, 1, 1308311726, 0, 1309010211, 1, 
1309011724, 0, 1309020211, 1, 1309021722, 0, 1309030210, 1, 1309031719, 0, 
1309040210, 1, 1309041717, 0, 1309050209, 1, 1309051715, 0, 1309060209, 1, 
1309061713, 0, 1309070208, 1, 1309071711, 0, 1309080208, 1, 1309081709, 0, 
1309090207, 1, 1309091707, 0, 1309100207, 1, 1309101704, 0, 1309110206, 1, 
1309111702, 0, 1309120205, 1, 1309121700, 0, 1309130205, 1, 1309131658, 0, 
1309140204, 1, 1309141656, 0, 1309150204, 1, 1309151653, 0, 1309160203, 1, 
1309161651, 0, 1309170203, 1, 1309171649, 0, 1309180202, 1, 1309181646, 0, 
1309190202, 1, 1309191644, 0, 1309200201, 1, 1309201642, 0, 1309210201, 1, 
1309211639, 0, 1309220200, 1, 1309221637, 0, 1309230200, 1, 1309231635, 0, 
1309240159, 1, 1309241632, 0, 1309250158, 1, 1309251630, 0, 1309260158, 1, 
1309261628, 0, 1309270157, 1, 1309271625, 0, 1309280157, 1, 1309281623, 0, 
1309290156, 1, 1309291620, 0, 1309300156, 1, 1309301618, 0, 1310010155, 1, 
1310011615, 0, 1310020154, 1, 1310021613, 0, 1310030154, 1, 1310031610, 0, 
1310040153, 1, 1310041608, 0, 1310050153, 1, 1310051605, 0, 1310060152, 1, 
1310061603, 0, 1310070151, 1, 1310071600, 0, 1310080151, 1, 1310081558, 0, 
1310090150, 1, 1310091555, 0, 1310100149, 1, 1310101553, 0, 1310110149, 1, 
1310111550, 0, 1310120148, 1, 1310121548, 0, 1310130147, 1, 1310131545, 0, 
1310140147, 1, 1310141542, 0, 1310150146, 1, 1310151540, 0, 1310160145, 1, 
1310161537, 0, 1310170145, 1, 1310171535, 0, 1310180144, 1, 1310181532, 0, 
1310190143, 1, 1310191529, 0, 1310200143, 1, 1310201527, 0, 1310210142, 1, 
1310211524, 0, 1310220141, 1, 1310221521, 0, 1310230141, 1, 1310231519, 0, 
1310240140, 1, 1310241516, 0, 1310250139, 1, 1310251513, 0, 1310260138, 1, 
1310261511, 0, 1310270138, 1, 1310271508, 0, 1310280137, 1, 1310281505, 0, 
1310290136, 1, 1310291503, 0, 1310300135, 1, 1310301500, 0, 1310310134, 1, 
1310311457, 0, 1311010134, 1, 1311011455, 0, 1311020133, 1, 1311021452, 0, 
1311030132, 1, 1311031449, 0, 1311040131, 1, 1311041446, 0, 1311050130, 1, 
1311051444, 0, 1311060130, 1, 1311061441, 0, 1311070129, 1, 1311071438, 0, 
1311080128, 1, 1311081435, 0, 1311090127, 1, 1311091433, 0, 1311100126, 1, 
1311101430, 0, 1311110125, 1, 1311111427, 0, 1311120124, 1, 1311121424, 0, 
1311130123, 1, 1311131422, 0, 1311140122, 1, 1311141419, 0, 1311150122, 1, 
1311151416, 0, 1311160121, 1, 1311161413, 0, 1311170120, 1, 1311171410, 0, 
1311180119, 1, 1311181408, 0, 1311190118, 1, 1311191405, 0, 1311200117, 1, 
1311201402, 0, 1311210116, 1, 1311211359, 0, 1311220115, 1, 1311221356, 0, 
1311230114, 1, 1311231353, 0, 1311240113, 1, 1311241351, 0, 1311250112, 1, 
1311251348, 0, 1311260111, 1, 1311261345, 0, 1311270110, 1, 1311271342, 0, 
1311280109, 1, 1311281339, 0, 1311290108, 1, 1311291336, 0, 1311300107, 1, 
1311301334, 0, 1312010105, 1, 1312011331, 0, 1312020104, 1, 1312021328, 0, 
1312030103, 1, 1312031325, 0, 1312040102, 1, 1312041322, 0, 1312050101, 1, 
1312051319, 0, 1312060100, 1, 1312061316, 0, 1312070059, 1, 1312071313, 0, 
1312080057, 1, 1312081311, 0, 1312090056, 1, 1312091308, 0, 1312100055, 1, 
1312101305, 0, 1312110054, 1, 1312111302, 0, 1312120053, 1, 1312121259, 0, 
1312130051, 1, 1312131256, 0, 1312140050, 1, 1312141253, 0, 1312150049, 1, 
1312151250, 0, 1312160048, 1, 1312161247, 0, 1312170046, 1, 1312171244, 0, 
1312180045, 1, 1312181241, 0, 1312190044, 1, 1312191238, 0, 1312200042, 1, 
1312201235, 0, 1312210041, 1, 1312211233, 0, 1312220039, 1, 1312221230, 0, 
1312230038, 1, 1312231227, 0, 1312240037, 1, 1312241224, 0, 1312250035, 1, 
1312251221, 0, 1312260034, 1, 1312261218, 0, 1312270032, 1, 1312271215, 0, 
1312280031, 1, 1312281212, 0, 1312290029, 1, 1312291209, 0, 1312300028, 1, 
1312301206, 0, 1312310026, 1, 1312311203, 0


